CenterPegPath
128
0.000 0.011 0.559 27.967 0.000 0.020 0.000 1.000
0.001 0.022 0.559 0.000 0.000 0.020 0.001 1.000
0.002 0.050 1.398 41.951 0.000 0.020 0.002 1.000
0.003 0.089 1.958 27.967 0.000 0.020 0.003 1.000
0.006 0.140 2.517 27.967 0.000 0.020 0.006 1.000
0.010 0.201 3.076 27.967 0.000 0.020 0.010 1.000
0.016 0.274 3.636 27.967 0.000 0.020 0.016 1.000
0.023 0.358 4.195 27.967 0.000 0.020 0.023 1.000
0.032 0.447 4.475 13.984 0.000 0.020 0.032 1.000
0.043 0.537 4.475 -0.000 0.000 0.020 0.043 1.000
0.055 0.626 4.475 -0.000 0.000 0.020 0.055 1.000
0.069 0.716 4.475 0.000 0.000 0.020 0.069 1.000
0.085 0.805 4.475 -0.000 0.000 0.020 0.085 1.000
0.103 0.895 4.475 0.000 0.000 0.020 0.103 1.000
0.123 0.984 4.475 -0.000 0.000 0.020 0.123 1.000
0.145 1.074 4.475 0.000 0.000 0.020 0.145 1.000
0.168 1.163 4.475 0.000 0.000 0.020 0.168 1.000
0.193 1.253 4.475 -0.000 0.000 0.020 0.193 1.000
0.220 1.342 4.475 -0.000 0.000 0.020 0.220 1.000
0.248 1.432 4.475 0.000 0.000 0.020 0.248 1.000
0.279 1.521 4.475 0.000 0.000 0.020 0.279 1.000
0.311 1.611 4.475 0.000 0.000 0.020 0.311 1.000
0.345 1.700 4.475 -0.000 0.000 0.020 0.345 1.000
0.381 1.790 4.475 0.000 0.000 0.020 0.381 1.000
0.418 1.879 4.475 0.000 0.000 0.020 0.418 1.000
0.458 1.969 4.475 -0.000 0.000 0.020 0.458 1.000
0.499 2.058 4.475 -0.000 0.000 0.020 0.499 1.000
0.542 2.148 4.475 -0.000 0.000 0.020 0.542 1.000
0.587 2.237 4.475 0.000 0.000 0.020 0.587 1.000
0.633 2.327 4.475 -0.000 0.000 0.020 0.633 1.000
0.682 2.416 4.475 0.000 0.000 0.020 0.682 1.000
0.732 2.506 4.475 0.000 0.000 0.020 0.732 1.000
0.784 2.595 4.475 -0.000 0.000 0.020 0.784 1.000
0.837 2.685 4.475 -0.000 0.000 0.020 0.837 1.000
0.893 2.774 4.475 0.000 0.000 0.020 0.893 1.000
0.950 2.864 4.475 0.000 0.000 0.020 0.950 1.000
1.009 2.953 4.475 -0.000 0.000 0.020 1.009 1.000
1.070 3.043 4.475 0.000 0.000 0.020 1.070 1.000
1.133 3.132 4.475 -0.000 0.000 0.020 1.133 1.000
1.197 3.222 4.475 0.000 0.000 0.020 1.197 1.000
1.263 3.311 4.475 -0.000 0.000 0.020 1.263 1.000
1.331 3.401 4.475 0.000 0.000 0.020 1.331 1.000
1.401 3.490 4.475 -0.000 0.000 0.020 1.401 1.000
1.473 3.580 4.475 0.000 0.000 0.020 1.473 1.000
1.546 3.669 4.475 0.000 0.000 0.020 1.546 1.000
1.621 3.759 4.475 -0.000 0.000 0.020 1.621 1.000
1.698 3.848 4.475 0.000 0.000 0.020 1.698 1.000
1.777 3.938 4.475 -0.000 0.000 0.020 1.777 1.000
1.857 4.027 4.475 0.000 0.000 0.020 1.857 1.000
1.940 4.117 4.475 -0.000 0.000 0.020 1.940 1.000
2.024 4.206 4.475 0.000 0.000 0.020 2.024 1.000
2.110 4.296 4.475 -0.000 0.000 0.020 2.110 1.000
2.198 4.385 4.475 0.000 0.000 0.020 2.198 1.000
2.287 4.475 4.475 -0.000 0.000 0.020 2.287 1.000
2.378 4.564 4.475 0.000 0.000 0.020 2.378 1.000
2.471 4.654 4.475 -0.000 0.000 0.020 2.471 1.000
2.566 4.738 4.195 -13.984 0.000 0.020 2.566 1.000
2.662 4.810 3.636 -27.967 0.000 0.020 2.662 1.000
2.760 4.872 3.076 -27.967 0.000 0.020 2.760 1.000
2.858 4.922 2.517 -27.967 0.000 0.020 2.858 1.000
2.957 4.961 1.958 -27.967 0.000 0.020 2.957 1.000
3.057 4.989 1.398 -27.967 0.000 0.020 3.057 1.000
3.157 5.006 0.839 -27.967 0.000 0.020 3.157 1.000
3.258 5.007 0.052 -39.356 0.000 0.020 3.258 1.000
3.357 4.992 -0.735 -39.356 0.000 0.020 3.357 1.000
3.457 4.967 -1.295 -27.967 0.000 0.020 3.457 1.000
3.555 4.929 -1.854 -27.967 0.000 0.020 3.555 1.000
3.653 4.881 -2.413 -27.967 0.000 0.020 3.653 1.000
3.749 4.822 -2.973 -27.967 0.000 0.020 3.749 1.000
3.844 4.751 -3.532 -27.967 0.000 0.020 3.844 1.000
3.938 4.669 -4.091 -27.967 0.000 0.020 3.938 1.000
4.029 4.581 -4.423 -16.578 0.000 0.020 4.029 1.000
4.119 4.491 -4.475 -2.594 0.000 0.020 4.119 1.000
4.207 4.402 -4.475 -0.000 0.000 0.020 4.207 1.000
4.293 4.312 -4.475 0.000 0.000 0.020 4.293 1.000
4.378 4.223 -4.475 0.000 0.000 0.020 4.378 1.000
4.461 4.133 -4.475 -0.000 0.000 0.020 4.461 1.000
4.541 4.044 -4.475 0.000 0.000 0.020 4.541 1.000
4.621 3.954 -4.475 -0.000 0.000 0.020 4.621 1.000
4.698 3.865 -4.475 -0.000 0.000 0.020 4.698 1.000
4.773 3.775 -4.475 0.000 0.000 0.020 4.773 1.000
4.847 3.686 -4.475 -0.000 0.000 0.020 4.847 1.000
4.919 3.596 -4.475 0.000 0.000 0.020 4.919 1.000
4.989 3.507 -4.475 -0.000 0.000 0.020 4.989 1.000
5.057 3.417 -4.475 0.000 0.000 0.020 5.057 1.000
5.124 3.328 -4.475 -0.000 0.000 0.020 5.124 1.000
5.189 3.238 -4.475 0.000 0.000 0.020 5.189 1.000
5.252 3.149 -4.475 0.000 0.000 0.020 5.252 1.000
5.313 3.059 -4.475 -0.000 0.000 0.020 5.313 1.000
5.372 2.970 -4.475 0.000 0.000 0.020 5.372 1.000
5.430 2.880 -4.475 -0.000 0.000 0.020 5.430 1.000
5.486 2.791 -4.475 0.000 0.000 0.020 5.486 1.000
5.540 2.701 -4.475 -0.000 0.000 0.020 5.540 1.000
5.592 2.612 -4.475 0.000 0.000 0.020 5.592 1.000
5.643 2.522 -4.475 0.000 0.000 0.020 5.643 1.000
5.691 2.433 -4.475 -0.000 0.000 0.020 5.691 1.000
5.738 2.343 -4.475 0.000 0.000 0.020 5.738 1.000
5.783 2.254 -4.475 0.000 0.000 0.020 5.783 1.000
5.826 2.164 -4.475 -0.000 0.000 0.020 5.826 1.000
5.868 2.075 -4.475 0.000 0.000 0.020 5.868 1.000
5.908 1.985 -4.475 -0.000 0.000 0.020 5.908 1.000
5.946 1.896 -4.475 -0.000 0.000 0.020 5.946 1.000
5.982 1.806 -4.475 0.000 0.000 0.020 5.982 1.000
6.016 1.717 -4.475 0.000 0.000 0.020 6.016 1.000
6.049 1.628 -4.475 0.000 0.000 0.020 6.049 1.000
6.079 1.538 -4.475 -0.000 0.000 0.020 6.079 1.000
6.108 1.449 -4.475 0.000 0.000 0.020 6.108 1.000
6.135 1.359 -4.475 -0.000 0.000 0.020 6.135 1.000
6.161 1.270 -4.475 -0.000 0.000 0.020 6.161 1.000
6.184 1.180 -4.475 0.000 0.000 0.020 6.184 1.000
6.206 1.091 -4.475 -0.000 0.000 0.020 6.206 1.000
6.226 1.001 -4.475 0.000 0.000 0.020 6.226 1.000
6.245 0.912 -4.475 0.000 0.000 0.020 6.245 1.000
6.261 0.822 -4.475 0.000 0.000 0.020 6.261 1.000
6.276 0.733 -4.475 0.000 0.000 0.020 6.276 1.000
6.288 0.643 -4.475 -0.000 0.000 0.020 6.288 1.000
6.300 0.554 -4.475 0.000 0.000 0.020 6.300 1.000
6.309 0.464 -4.475 -0.000 0.000 0.020 6.309 1.000
6.316 0.375 -4.475 0.000 0.000 0.020 6.316 1.000
6.322 0.290 -4.247 11.389 0.000 0.020 6.322 1.000
6.326 0.215 -3.739 25.373 0.000 0.020 6.326 1.000
6.329 0.151 -3.180 27.967 0.000 0.020 6.329 1.000
6.331 0.099 -2.621 27.967 0.000 0.020 6.331 1.000
6.333 0.058 -2.061 27.967 0.000 0.020 6.333 1.000
6.333 0.028 -1.502 27.967 0.000 0.020 6.333 1.000
6.333 0.009 -0.943 27.967 0.000 0.020 6.333 1.000
6.333 0.001 -0.383 27.967 0.000 0.020 6.333 1.000
6.333 0.000 -0.052 16.578 0.000 0.020 6.333 1.000
0.000 0.011 0.559 27.967 0.000 0.020 0.000 -1.000
0.001 0.022 0.559 0.000 0.000 0.020 0.001 -1.000
0.002 0.050 1.398 41.951 0.000 0.020 0.002 -1.000
0.003 0.089 1.958 27.967 0.000 0.020 0.003 -1.000
0.006 0.140 2.517 27.967 0.000 0.020 0.006 -1.000
0.010 0.201 3.076 27.967 0.000 0.020 0.010 -1.000
0.016 0.274 3.636 27.967 0.000 0.020 0.016 -1.000
0.023 0.358 4.195 27.967 0.000 0.020 0.023 -1.000
0.032 0.447 4.475 13.984 0.000 0.020 0.032 -1.000
0.043 0.537 4.475 -0.000 0.000 0.020 0.043 -1.000
0.055 0.626 4.475 -0.000 0.000 0.020 0.055 -1.000
0.069 0.716 4.475 0.000 0.000 0.020 0.069 -1.000
0.085 0.805 4.475 -0.000 0.000 0.020 0.085 -1.000
0.103 0.895 4.475 0.000 0.000 0.020 0.103 -1.000
0.123 0.984 4.475 -0.000 0.000 0.020 0.123 -1.000
0.145 1.074 4.475 0.000 0.000 0.020 0.145 -1.000
0.168 1.163 4.475 0.000 0.000 0.020 0.168 -1.000
0.193 1.253 4.475 -0.000 0.000 0.020 0.193 -1.000
0.220 1.342 4.475 -0.000 0.000 0.020 0.220 -1.000
0.248 1.432 4.475 0.000 0.000 0.020 0.248 -1.000
0.279 1.521 4.475 0.000 0.000 0.020 0.279 -1.000
0.311 1.611 4.475 0.000 0.000 0.020 0.311 -1.000
0.345 1.700 4.475 -0.000 0.000 0.020 0.345 -1.000
0.381 1.790 4.475 0.000 0.000 0.020 0.381 -1.000
0.418 1.879 4.475 0.000 0.000 0.020 0.418 -1.000
0.458 1.969 4.475 -0.000 0.000 0.020 0.458 -1.000
0.499 2.058 4.475 -0.000 0.000 0.020 0.499 -1.000
0.542 2.148 4.475 -0.000 0.000 0.020 0.542 -1.000
0.587 2.237 4.475 0.000 0.000 0.020 0.587 -1.000
0.633 2.327 4.475 -0.000 0.000 0.020 0.633 -1.000
0.682 2.416 4.475 0.000 0.000 0.020 0.682 -1.000
0.732 2.506 4.475 0.000 0.000 0.020 0.732 -1.000
0.784 2.595 4.475 -0.000 0.000 0.020 0.784 -1.000
0.837 2.685 4.475 -0.000 0.000 0.020 0.837 -1.000
0.893 2.774 4.475 0.000 0.000 0.020 0.893 -1.000
0.950 2.864 4.475 0.000 0.000 0.020 0.950 -1.000
1.009 2.953 4.475 -0.000 0.000 0.020 1.009 -1.000
1.070 3.043 4.475 0.000 0.000 0.020 1.070 -1.000
1.133 3.132 4.475 -0.000 0.000 0.020 1.133 -1.000
1.197 3.222 4.475 0.000 0.000 0.020 1.197 -1.000
1.263 3.311 4.475 -0.000 0.000 0.020 1.263 -1.000
1.331 3.401 4.475 0.000 0.000 0.020 1.331 -1.000
1.401 3.490 4.475 -0.000 0.000 0.020 1.401 -1.000
1.473 3.580 4.475 0.000 0.000 0.020 1.473 -1.000
1.546 3.669 4.475 0.000 0.000 0.020 1.546 -1.000
1.621 3.759 4.475 -0.000 0.000 0.020 1.621 -1.000
1.698 3.848 4.475 0.000 0.000 0.020 1.698 -1.000
1.777 3.938 4.475 -0.000 0.000 0.020 1.777 -1.000
1.857 4.027 4.475 0.000 0.000 0.020 1.857 -1.000
1.940 4.117 4.475 -0.000 0.000 0.020 1.940 -1.000
2.024 4.206 4.475 0.000 0.000 0.020 2.024 -1.000
2.110 4.296 4.475 -0.000 0.000 0.020 2.110 -1.000
2.198 4.385 4.475 0.000 0.000 0.020 2.198 -1.000
2.287 4.475 4.475 -0.000 0.000 0.020 2.287 -1.000
2.378 4.564 4.475 0.000 0.000 0.020 2.378 -1.000
2.471 4.654 4.475 -0.000 0.000 0.020 2.471 -1.000
2.566 4.738 4.195 -13.984 0.000 0.020 2.566 -1.000
2.662 4.810 3.636 -27.967 0.000 0.020 2.662 -1.000
2.760 4.872 3.076 -27.967 0.000 0.020 2.760 -1.000
2.858 4.922 2.517 -27.967 0.000 0.020 2.858 -1.000
2.957 4.961 1.958 -27.967 0.000 0.020 2.957 -1.000
3.057 4.989 1.398 -27.967 0.000 0.020 3.057 -1.000
3.157 5.006 0.839 -27.967 0.000 0.020 3.157 -1.000
3.258 5.007 0.052 -39.356 0.000 0.020 3.258 -1.000
3.357 4.992 -0.735 -39.356 0.000 0.020 3.357 -1.000
3.457 4.967 -1.295 -27.967 0.000 0.020 3.457 -1.000
3.555 4.929 -1.854 -27.967 0.000 0.020 3.555 -1.000
3.653 4.881 -2.413 -27.967 0.000 0.020 3.653 -1.000
3.749 4.822 -2.973 -27.967 0.000 0.020 3.749 -1.000
3.844 4.751 -3.532 -27.967 0.000 0.020 3.844 -1.000
3.938 4.669 -4.091 -27.967 0.000 0.020 3.938 -1.000
4.029 4.581 -4.423 -16.578 0.000 0.020 4.029 -1.000
4.119 4.491 -4.475 -2.594 0.000 0.020 4.119 -1.000
4.207 4.402 -4.475 -0.000 0.000 0.020 4.207 -1.000
4.293 4.312 -4.475 0.000 0.000 0.020 4.293 -1.000
4.378 4.223 -4.475 0.000 0.000 0.020 4.378 -1.000
4.461 4.133 -4.475 -0.000 0.000 0.020 4.461 -1.000
4.541 4.044 -4.475 0.000 0.000 0.020 4.541 -1.000
4.621 3.954 -4.475 -0.000 0.000 0.020 4.621 -1.000
4.698 3.865 -4.475 -0.000 0.000 0.020 4.698 -1.000
4.773 3.775 -4.475 0.000 0.000 0.020 4.773 -1.000
4.847 3.686 -4.475 -0.000 0.000 0.020 4.847 -1.000
4.919 3.596 -4.475 0.000 0.000 0.020 4.919 -1.000
4.989 3.507 -4.475 -0.000 0.000 0.020 4.989 -1.000
5.057 3.417 -4.475 0.000 0.000 0.020 5.057 -1.000
5.124 3.328 -4.475 -0.000 0.000 0.020 5.124 -1.000
5.189 3.238 -4.475 0.000 0.000 0.020 5.189 -1.000
5.252 3.149 -4.475 0.000 0.000 0.020 5.252 -1.000
5.313 3.059 -4.475 -0.000 0.000 0.020 5.313 -1.000
5.372 2.970 -4.475 0.000 0.000 0.020 5.372 -1.000
5.430 2.880 -4.475 -0.000 0.000 0.020 5.430 -1.000
5.486 2.791 -4.475 0.000 0.000 0.020 5.486 -1.000
5.540 2.701 -4.475 -0.000 0.000 0.020 5.540 -1.000
5.592 2.612 -4.475 0.000 0.000 0.020 5.592 -1.000
5.643 2.522 -4.475 0.000 0.000 0.020 5.643 -1.000
5.691 2.433 -4.475 -0.000 0.000 0.020 5.691 -1.000
5.738 2.343 -4.475 0.000 0.000 0.020 5.738 -1.000
5.783 2.254 -4.475 0.000 0.000 0.020 5.783 -1.000
5.826 2.164 -4.475 -0.000 0.000 0.020 5.826 -1.000
5.868 2.075 -4.475 0.000 0.000 0.020 5.868 -1.000
5.908 1.985 -4.475 -0.000 0.000 0.020 5.908 -1.000
5.946 1.896 -4.475 -0.000 0.000 0.020 5.946 -1.000
5.982 1.806 -4.475 0.000 0.000 0.020 5.982 -1.000
6.016 1.717 -4.475 0.000 0.000 0.020 6.016 -1.000
6.049 1.628 -4.475 0.000 0.000 0.020 6.049 -1.000
6.079 1.538 -4.475 -0.000 0.000 0.020 6.079 -1.000
6.108 1.449 -4.475 0.000 0.000 0.020 6.108 -1.000
6.135 1.359 -4.475 -0.000 0.000 0.020 6.135 -1.000
6.161 1.270 -4.475 -0.000 0.000 0.020 6.161 -1.000
6.184 1.180 -4.475 0.000 0.000 0.020 6.184 -1.000
6.206 1.091 -4.475 -0.000 0.000 0.020 6.206 -1.000
6.226 1.001 -4.475 0.000 0.000 0.020 6.226 -1.000
6.245 0.912 -4.475 0.000 0.000 0.020 6.245 -1.000
6.261 0.822 -4.475 0.000 0.000 0.020 6.261 -1.000
6.276 0.733 -4.475 0.000 0.000 0.020 6.276 -1.000
6.288 0.643 -4.475 -0.000 0.000 0.020 6.288 -1.000
6.300 0.554 -4.475 0.000 0.000 0.020 6.300 -1.000
6.309 0.464 -4.475 -0.000 0.000 0.020 6.309 -1.000
6.316 0.375 -4.475 0.000 0.000 0.020 6.316 -1.000
6.322 0.290 -4.247 11.389 0.000 0.020 6.322 -1.000
6.326 0.215 -3.739 25.373 0.000 0.020 6.326 -1.000
6.329 0.151 -3.180 27.967 0.000 0.020 6.329 -1.000
6.331 0.099 -2.621 27.967 0.000 0.020 6.331 -1.000
6.333 0.058 -2.061 27.967 0.000 0.020 6.333 -1.000
6.333 0.028 -1.502 27.967 0.000 0.020 6.333 -1.000
6.333 0.009 -0.943 27.967 0.000 0.020 6.333 -1.000
6.333 0.001 -0.383 27.967 0.000 0.020 6.333 -1.000
6.333 0.000 -0.052 16.578 0.000 0.020 6.333 -1.000
