ChutePegPath
192
0.000 0.012 0.580 28.979 0.000 0.020 0.000 1.000
0.001 0.023 0.580 0.000 0.000 0.020 0.001 1.000
0.002 0.052 1.449 43.469 0.000 0.020 0.002 1.000
0.003 0.093 2.029 28.979 0.000 0.020 0.003 1.000
0.006 0.145 2.608 28.979 0.000 0.020 0.006 1.000
0.011 0.209 3.188 28.979 0.000 0.020 0.011 1.000
0.016 0.278 3.477 14.490 0.000 0.020 0.016 1.000
0.023 0.348 3.477 0.000 0.000 0.020 0.023 1.000
0.031 0.417 3.477 0.000 0.000 0.020 0.031 1.000
0.041 0.487 3.477 -0.000 0.000 0.020 0.041 1.000
0.052 0.556 3.477 -0.000 0.000 0.020 0.052 1.000
0.065 0.626 3.477 0.000 0.000 0.020 0.065 1.000
0.079 0.695 3.477 -0.000 0.000 0.020 0.079 1.000
0.094 0.765 3.477 0.000 0.000 0.020 0.094 1.000
0.111 0.835 3.477 -0.000 0.000 0.020 0.111 1.000
0.129 0.904 3.477 0.000 0.000 0.020 0.129 1.000
0.148 0.974 3.477 0.000 0.000 0.020 0.148 1.000
0.169 1.043 3.477 -0.000 0.000 0.020 0.169 1.000
0.191 1.113 3.477 -0.000 0.000 0.020 0.191 1.000
0.215 1.182 3.477 -0.000 0.000 0.020 0.215 1.000
0.240 1.252 3.477 0.000 0.000 0.020 0.240 1.000
0.266 1.321 3.477 -0.000 0.000 0.020 0.266 1.000
0.294 1.391 3.477 -0.000 0.000 0.020 0.294 1.000
0.324 1.461 3.477 0.000 0.000 0.020 0.324 1.000
0.354 1.530 3.477 -0.000 0.000 0.020 0.354 1.000
0.386 1.600 3.477 0.000 0.000 0.020 0.386 1.000
0.420 1.669 3.477 -0.000 0.000 0.020 0.420 1.000
0.454 1.739 3.477 -0.000 0.000 0.020 0.454 1.000
0.490 1.808 3.477 -0.000 0.000 0.020 0.490 1.000
0.528 1.878 3.477 0.000 0.000 0.020 0.528 1.000
0.567 1.947 3.477 -0.000 0.000 0.020 0.567 1.000
0.607 2.017 3.477 -0.000 0.000 0.020 0.607 1.000
0.649 2.086 3.477 0.000 0.000 0.020 0.649 1.000
0.692 2.156 3.477 0.000 0.000 0.020 0.692 1.000
0.737 2.226 3.477 -0.000 0.000 0.020 0.737 1.000
0.783 2.295 3.477 -0.000 0.000 0.020 0.783 1.000
0.830 2.365 3.477 0.000 0.000 0.020 0.830 1.000
0.879 2.434 3.477 0.000 0.000 0.020 0.879 1.000
0.929 2.504 3.477 -0.000 0.000 0.020 0.929 1.000
0.980 2.573 3.477 -0.000 0.000 0.020 0.980 1.000
1.033 2.643 3.477 0.000 0.000 0.020 1.033 1.000
1.087 2.712 3.477 -0.000 0.000 0.020 1.087 1.000
1.143 2.782 3.477 0.000 0.000 0.020 1.143 1.000
1.200 2.852 3.477 -0.000 0.000 0.020 1.200 1.000
1.258 2.921 3.477 0.000 0.000 0.020 1.258 1.000
1.318 2.991 3.477 0.000 0.000 0.020 1.318 1.000
1.379 3.060 3.477 0.000 0.000 0.020 1.379 1.000
1.442 3.130 3.477 -0.000 0.000 0.020 1.442 1.000
1.506 3.199 3.477 0.000 0.000 0.020 1.506 1.000
1.571 3.269 3.477 0.000 0.000 0.020 1.571 1.000
1.638 3.338 3.477 -0.000 0.000 0.020 1.638 1.000
1.706 3.408 3.477 0.000 0.000 0.020 1.706 1.000
1.776 3.477 3.477 0.000 0.000 0.020 1.776 1.000
1.847 3.547 3.477 -0.000 0.000 0.020 1.847 1.000
1.919 3.617 3.477 0.000 0.000 0.020 1.919 1.000
1.993 3.686 3.477 -0.000 0.000 0.020 1.993 1.000
2.068 3.756 3.477 0.000 0.000 0.020 2.068 1.000
2.144 3.825 3.477 -0.000 0.000 0.020 2.144 1.000
2.222 3.895 3.477 0.000 0.000 0.020 2.222 1.000
2.302 3.964 3.477 -0.000 0.000 0.020 2.302 1.000
2.382 4.034 3.477 0.000 0.000 0.020 2.382 1.000
2.464 4.103 3.477 -0.000 0.000 0.020 2.464 1.000
2.548 4.173 3.477 0.000 0.000 0.020 2.548 1.000
2.633 4.243 3.477 0.000 0.000 0.020 2.633 1.000
2.719 4.312 3.477 0.000 0.000 0.020 2.719 1.000
2.806 4.382 3.477 -0.000 0.000 0.020 2.806 1.000
2.895 4.451 3.477 0.000 0.000 0.020 2.895 1.000
2.986 4.521 3.477 0.000 0.000 0.020 2.986 1.000
3.078 4.590 3.477 -0.000 0.000 0.020 3.078 1.000
3.171 4.660 3.477 -0.000 0.000 0.020 3.171 1.000
3.265 4.729 3.477 0.000 0.000 0.020 3.265 1.000
3.361 4.799 3.477 -0.000 0.000 0.020 3.361 1.000
3.459 4.868 3.477 0.000 0.000 0.020 3.459 1.000
3.558 4.938 3.477 -0.000 0.000 0.020 3.558 1.000
3.658 5.008 3.477 0.000 0.000 0.020 3.658 1.000
3.759 5.077 3.477 0.000 0.000 0.020 3.759 1.000
3.862 5.147 3.477 -0.000 0.000 0.020 3.862 1.000
3.967 5.216 3.477 0.000 0.000 0.020 3.967 1.000
4.072 5.286 3.477 -0.000 0.000 0.020 4.072 1.000
4.179 5.355 3.477 0.000 0.000 0.020 4.179 1.000
4.288 5.425 3.477 -0.000 0.000 0.020 4.288 1.000
4.398 5.494 3.477 -0.000 0.000 0.020 4.398 1.000
4.509 5.564 3.477 0.000 0.000 0.020 4.509 1.000
4.622 5.634 3.477 -0.000 0.000 0.020 4.622 1.000
4.736 5.703 3.477 0.000 0.000 0.020 4.736 1.000
4.851 5.773 3.477 0.000 0.000 0.020 4.851 1.000
4.968 5.842 3.477 -0.000 0.000 0.020 4.968 1.000
5.086 5.912 3.477 0.000 0.000 0.020 5.086 1.000
5.206 5.981 3.477 -0.000 0.000 0.020 5.206 1.000
5.327 6.051 3.477 0.000 0.000 0.020 5.327 1.000
5.449 6.115 3.188 -14.490 0.000 0.020 5.449 1.000
5.573 6.167 2.608 -28.979 0.000 0.020 5.573 1.000
5.697 6.207 2.029 -28.979 0.000 0.020 5.697 1.000
5.821 6.236 1.449 -28.979 0.000 0.020 5.821 1.000
5.945 6.199 -1.854 -165.159 0.001 0.020 5.945 1.000
6.067 6.071 -6.389 -226.743 0.005 0.020 6.067 1.000
6.185 5.930 -7.091 -35.113 0.011 0.020 6.185 1.001
6.301 5.775 -7.744 -32.645 0.020 0.020 6.301 1.003
6.413 5.603 -8.582 -41.881 0.031 0.020 6.413 1.006
6.521 5.411 -9.604 -51.112 0.046 0.020 6.521 1.010
6.625 5.195 -10.821 -60.869 0.063 0.020 6.625 1.016
6.724 4.953 -12.079 -62.872 0.084 0.020 6.724 1.023
6.818 4.685 -13.388 -65.460 0.109 0.020 6.817 1.032
6.906 4.385 -15.019 -81.533 0.138 0.020 6.904 1.043
6.986 4.042 -17.121 -105.100 0.173 0.020 6.984 1.055
7.059 3.647 -19.793 -133.587 0.215 0.020 7.055 1.069
7.123 3.184 -23.125 -166.611 0.264 0.020 7.117 1.084
7.176 2.641 -27.147 -201.104 0.323 0.020 7.168 1.099
7.216 2.007 -31.707 -228.023 0.393 0.020 7.206 1.113
7.242 1.282 -36.246 -226.959 0.476 0.020 7.229 1.124
7.252 0.493 -39.463 -160.829 0.574 0.020 7.237 1.129
7.257 0.289 -10.183 1463.996 0.686 0.020 7.233 1.125
7.276 0.937 32.415 2129.903 0.809 0.020 7.219 1.112
7.302 1.302 18.213 -710.082 0.938 0.020 7.202 1.092
7.328 1.284 -0.885 -954.889 1.066 0.020 7.189 1.071
7.346 0.907 -18.864 -898.967 1.185 0.020 7.181 1.054
7.352 0.297 -30.497 -581.637 1.290 0.020 7.179 1.049
7.360 0.395 4.927 1771.192 1.380 0.020 7.180 1.057
7.381 1.060 33.236 1415.434 1.455 0.020 7.184 1.078
7.414 1.643 29.136 -204.977 1.517 0.020 7.186 1.110
7.456 2.128 24.276 -243.037 1.568 0.020 7.187 1.153
7.507 2.522 19.676 -229.970 1.609 0.020 7.186 1.203
7.564 2.836 15.725 -197.548 1.644 0.020 7.183 1.260
7.625 3.086 12.487 -161.925 1.671 0.020 7.178 1.321
7.691 3.284 9.892 -129.723 1.693 0.020 7.171 1.387
7.760 3.441 7.835 -102.858 1.711 0.020 7.161 1.455
7.831 3.565 6.210 -81.260 1.725 0.020 7.151 1.525
7.904 3.663 4.926 -64.184 1.736 0.020 7.139 1.598
7.979 3.742 3.911 -50.761 1.743 0.020 7.127 1.671
8.055 3.804 3.107 -40.210 1.748 0.020 7.113 1.746
8.132 3.853 2.469 -31.890 1.751 0.020 7.100 1.822
8.210 3.892 1.963 -25.300 1.751 0.020 7.086 1.899
8.289 3.924 1.562 -20.060 1.750 0.020 7.072 1.976
8.368 3.949 1.244 -15.883 1.746 0.020 7.058 2.054
8.447 3.968 0.993 -12.556 1.741 0.020 7.044 2.132
8.527 3.984 0.795 -9.925 1.734 0.020 7.031 2.211
8.607 3.997 0.637 -7.879 1.725 0.020 7.018 2.289
8.687 4.007 0.510 -6.341 1.715 0.020 7.006 2.369
8.767 4.015 0.405 -5.259 1.703 0.020 6.995 2.448
8.847 4.022 0.313 -4.604 1.690 0.020 6.985 2.528
8.928 4.026 0.226 -4.359 1.675 0.020 6.976 2.608
9.009 4.029 0.135 -4.520 1.659 0.020 6.968 2.688
9.089 4.029 0.034 -5.083 1.641 0.020 6.962 2.769
9.170 4.028 -0.087 -6.049 1.622 0.020 6.957 2.849
9.250 4.023 -0.235 -7.408 1.602 0.020 6.954 2.929
9.330 4.015 -0.418 -9.138 1.580 0.020 6.952 3.010
9.410 4.002 -0.642 -11.199 1.558 0.020 6.952 3.090
9.490 3.984 -0.913 -13.524 1.534 0.020 6.954 3.169
9.569 3.959 -1.233 -16.020 1.509 0.020 6.958 3.248
9.648 3.927 -1.604 -18.563 1.484 0.020 6.964 3.327
9.726 3.886 -2.024 -21.004 1.458 0.020 6.972 3.404
9.802 3.837 -2.488 -23.181 1.432 0.020 6.981 3.480
9.878 3.777 -2.987 -24.927 1.405 0.020 6.993 3.555
9.952 3.707 -3.508 -26.092 1.379 0.020 7.006 3.628
10.024 3.626 -4.040 -26.559 1.353 0.020 7.021 3.699
10.095 3.535 -4.565 -26.259 1.327 0.020 7.037 3.768
10.164 3.433 -5.068 -25.181 1.302 0.020 7.054 3.834
10.230 3.322 -5.536 -23.375 1.277 0.020 7.073 3.898
10.294 3.203 -5.955 -20.941 1.254 0.020 7.092 3.959
10.356 3.077 -6.315 -18.020 1.232 0.020 7.112 4.017
10.415 2.945 -6.611 -14.774 1.211 0.020 7.132 4.073
10.471 2.808 -6.838 -11.369 1.191 0.020 7.152 4.125
10.524 2.668 -6.997 -7.958 1.173 0.020 7.173 4.174
10.575 2.526 -7.091 -4.670 1.156 0.020 7.193 4.221
10.623 2.384 -7.123 -1.606 1.141 0.020 7.212 4.264
10.667 2.242 -7.099 1.166 1.127 0.020 7.231 4.305
10.709 2.101 -7.027 3.605 1.114 0.020 7.249 4.343
10.749 1.963 -6.913 5.694 1.103 0.020 7.267 4.378
10.785 1.828 -6.765 7.437 1.094 0.020 7.283 4.410
10.819 1.696 -6.588 8.848 1.085 0.020 7.299 4.440
10.851 1.568 -6.389 9.948 1.078 0.020 7.314 4.468
10.879 1.445 -6.173 10.764 1.071 0.020 7.328 4.494
10.906 1.326 -5.947 11.323 1.066 0.020 7.340 4.517
10.930 1.212 -5.714 11.650 1.062 0.020 7.352 4.538
10.952 1.102 -5.479 11.768 1.058 0.020 7.363 4.557
10.972 0.997 -5.245 11.698 1.055 0.020 7.373 4.575
10.990 0.897 -5.015 11.459 1.053 0.020 7.382 4.590
11.006 0.801 -4.794 11.066 1.051 0.020 7.390 4.604
11.020 0.709 -4.583 10.535 1.050 0.020 7.397 4.616
11.033 0.622 -4.386 9.878 1.049 0.020 7.403 4.627
11.043 0.537 -4.204 9.107 1.048 0.020 7.408 4.636
11.053 0.457 -4.039 8.236 1.048 0.020 7.413 4.644
11.060 0.379 -3.893 7.276 1.047 0.020 7.417 4.651
11.066 0.303 -3.769 6.238 1.047 0.020 7.420 4.656
11.071 0.230 -3.666 5.135 1.047 0.020 7.422 4.660
11.074 0.163 -3.369 14.857 1.047 0.020 7.424 4.663
11.076 0.107 -2.808 28.065 1.047 0.020 7.425 4.665
11.077 0.063 -2.197 30.526 1.047 0.020 7.425 4.666
11.078 0.031 -1.603 29.697 1.047 0.020 7.426 4.666
11.078 0.010 -1.018 29.238 1.047 0.020 7.426 4.667
11.078 0.001 -0.438 29.039 1.047 0.020 7.426 4.667
11.078 0.000 -0.074 18.186 1.047 0.020 7.426 4.667
0.000 0.012 0.580 28.979 0.000 0.020 0.000 -1.000
0.001 0.023 0.580 0.000 0.000 0.020 0.001 -1.000
0.002 0.052 1.449 43.469 0.000 0.020 0.002 -1.000
0.003 0.093 2.029 28.979 0.000 0.020 0.003 -1.000
0.006 0.145 2.608 28.979 0.000 0.020 0.006 -1.000
0.011 0.209 3.188 28.979 0.000 0.020 0.011 -1.000
0.016 0.278 3.477 14.490 0.000 0.020 0.016 -1.000
0.023 0.348 3.477 0.000 0.000 0.020 0.023 -1.000
0.031 0.417 3.477 0.000 0.000 0.020 0.031 -1.000
0.041 0.487 3.477 -0.000 0.000 0.020 0.041 -1.000
0.052 0.556 3.477 -0.000 0.000 0.020 0.052 -1.000
0.065 0.626 3.477 0.000 0.000 0.020 0.065 -1.000
0.079 0.695 3.477 -0.000 0.000 0.020 0.079 -1.000
0.094 0.765 3.477 0.000 0.000 0.020 0.094 -1.000
0.111 0.835 3.477 -0.000 0.000 0.020 0.111 -1.000
0.129 0.904 3.477 0.000 0.000 0.020 0.129 -1.000
0.148 0.974 3.477 0.000 0.000 0.020 0.148 -1.000
0.169 1.043 3.477 -0.000 0.000 0.020 0.169 -1.000
0.191 1.113 3.477 -0.000 0.000 0.020 0.191 -1.000
0.215 1.182 3.477 -0.000 0.000 0.020 0.215 -1.000
0.240 1.252 3.477 0.000 0.000 0.020 0.240 -1.000
0.266 1.321 3.477 -0.000 0.000 0.020 0.266 -1.000
0.294 1.391 3.477 -0.000 0.000 0.020 0.294 -1.000
0.324 1.461 3.477 0.000 0.000 0.020 0.324 -1.000
0.354 1.530 3.477 -0.000 0.000 0.020 0.354 -1.000
0.386 1.600 3.477 0.000 0.000 0.020 0.386 -1.000
0.420 1.669 3.477 -0.000 0.000 0.020 0.420 -1.000
0.454 1.739 3.477 -0.000 0.000 0.020 0.454 -1.000
0.490 1.808 3.477 -0.000 0.000 0.020 0.490 -1.000
0.528 1.878 3.477 0.000 0.000 0.020 0.528 -1.000
0.567 1.947 3.477 -0.000 0.000 0.020 0.567 -1.000
0.607 2.017 3.477 -0.000 0.000 0.020 0.607 -1.000
0.649 2.086 3.477 0.000 0.000 0.020 0.649 -1.000
0.692 2.156 3.477 0.000 0.000 0.020 0.692 -1.000
0.737 2.226 3.477 -0.000 0.000 0.020 0.737 -1.000
0.783 2.295 3.477 -0.000 0.000 0.020 0.783 -1.000
0.830 2.365 3.477 0.000 0.000 0.020 0.830 -1.000
0.879 2.434 3.477 0.000 0.000 0.020 0.879 -1.000
0.929 2.504 3.477 -0.000 0.000 0.020 0.929 -1.000
0.980 2.573 3.477 -0.000 0.000 0.020 0.980 -1.000
1.033 2.643 3.477 0.000 0.000 0.020 1.033 -1.000
1.087 2.712 3.477 -0.000 0.000 0.020 1.087 -1.000
1.143 2.782 3.477 0.000 0.000 0.020 1.143 -1.000
1.200 2.852 3.477 -0.000 0.000 0.020 1.200 -1.000
1.258 2.921 3.477 0.000 0.000 0.020 1.258 -1.000
1.318 2.991 3.477 0.000 0.000 0.020 1.318 -1.000
1.379 3.060 3.477 0.000 0.000 0.020 1.379 -1.000
1.442 3.130 3.477 -0.000 0.000 0.020 1.442 -1.000
1.506 3.199 3.477 0.000 0.000 0.020 1.506 -1.000
1.571 3.269 3.477 0.000 0.000 0.020 1.571 -1.000
1.638 3.338 3.477 -0.000 0.000 0.020 1.638 -1.000
1.706 3.408 3.477 0.000 0.000 0.020 1.706 -1.000
1.776 3.477 3.477 0.000 0.000 0.020 1.776 -1.000
1.847 3.547 3.477 -0.000 0.000 0.020 1.847 -1.000
1.919 3.617 3.477 0.000 0.000 0.020 1.919 -1.000
1.993 3.686 3.477 -0.000 0.000 0.020 1.993 -1.000
2.068 3.756 3.477 0.000 0.000 0.020 2.068 -1.000
2.144 3.825 3.477 -0.000 0.000 0.020 2.144 -1.000
2.222 3.895 3.477 0.000 0.000 0.020 2.222 -1.000
2.302 3.964 3.477 -0.000 0.000 0.020 2.302 -1.000
2.382 4.034 3.477 0.000 0.000 0.020 2.382 -1.000
2.464 4.103 3.477 -0.000 0.000 0.020 2.464 -1.000
2.548 4.173 3.477 0.000 0.000 0.020 2.548 -1.000
2.633 4.243 3.477 0.000 0.000 0.020 2.633 -1.000
2.719 4.312 3.477 0.000 0.000 0.020 2.719 -1.000
2.806 4.382 3.477 -0.000 0.000 0.020 2.806 -1.000
2.895 4.451 3.477 0.000 0.000 0.020 2.895 -1.000
2.986 4.521 3.477 0.000 0.000 0.020 2.986 -1.000
3.078 4.590 3.477 -0.000 0.000 0.020 3.078 -1.000
3.171 4.660 3.477 -0.000 0.000 0.020 3.171 -1.000
3.265 4.729 3.477 0.000 0.000 0.020 3.265 -1.000
3.361 4.799 3.477 -0.000 0.000 0.020 3.361 -1.000
3.459 4.868 3.477 0.000 0.000 0.020 3.459 -1.000
3.558 4.938 3.477 -0.000 0.000 0.020 3.558 -1.000
3.658 5.008 3.477 0.000 0.000 0.020 3.658 -1.000
3.759 5.077 3.477 0.000 0.000 0.020 3.759 -1.000
3.862 5.147 3.477 -0.000 0.000 0.020 3.862 -1.000
3.967 5.216 3.477 0.000 0.000 0.020 3.967 -1.000
4.072 5.286 3.477 -0.000 0.000 0.020 4.072 -1.000
4.179 5.355 3.477 0.000 0.000 0.020 4.179 -1.000
4.288 5.425 3.477 -0.000 0.000 0.020 4.288 -1.000
4.398 5.494 3.477 -0.000 0.000 0.020 4.398 -1.000
4.509 5.564 3.477 0.000 0.000 0.020 4.509 -1.000
4.622 5.634 3.477 -0.000 0.000 0.020 4.622 -1.000
4.736 5.703 3.477 0.000 0.000 0.020 4.736 -1.000
4.851 5.773 3.477 0.000 0.000 0.020 4.851 -1.000
4.968 5.842 3.477 -0.000 0.000 0.020 4.968 -1.000
5.086 5.912 3.477 0.000 0.000 0.020 5.086 -1.000
5.206 5.981 3.477 -0.000 0.000 0.020 5.206 -1.000
5.327 6.051 3.477 0.000 0.000 0.020 5.327 -1.000
5.449 6.115 3.188 -14.490 0.000 0.020 5.449 -1.000
5.573 6.167 2.608 -28.979 0.000 0.020 5.573 -1.000
5.697 6.207 2.029 -28.979 0.000 0.020 5.697 -1.000
5.821 6.236 1.449 -28.979 0.000 0.020 5.821 -1.000
5.948 6.308 3.593 107.199 0.001 0.020 5.948 -1.000
6.076 6.439 6.536 147.173 0.005 0.020 6.076 -1.000
6.207 6.552 5.647 -44.459 0.011 0.020 6.207 -0.999
6.341 6.655 5.141 -25.330 0.020 0.020 6.341 -0.997
6.476 6.751 4.819 -16.097 0.031 0.020 6.475 -0.993
6.612 6.845 4.681 -6.870 0.046 0.020 6.612 -0.988
6.751 6.939 4.739 2.881 0.063 0.020 6.751 -0.980
6.892 7.045 5.268 26.472 0.084 0.020 6.891 -0.970
7.036 7.173 6.429 58.023 0.109 0.020 7.034 -0.956
7.182 7.335 8.058 81.454 0.138 0.020 7.180 -0.938
7.333 7.538 10.158 104.986 0.173 0.020 7.329 -0.915
7.489 7.794 12.826 133.423 0.215 0.020 7.482 -0.885
7.651 8.117 16.153 166.373 0.264 0.020 7.639 -0.847
7.822 8.521 20.169 200.765 0.323 0.020 7.803 -0.797
8.002 9.015 24.720 227.561 0.393 0.020 7.971 -0.734
8.194 9.600 29.248 226.383 0.476 0.020 8.146 -0.654
8.399 10.249 32.453 160.283 0.574 0.020 8.323 -0.551
8.617 10.891 32.076 -18.892 0.686 0.020 8.499 -0.423
8.845 11.399 25.407 -333.418 0.809 0.020 8.667 -0.268
9.077 11.623 11.231 -708.802 0.938 0.020 8.816 -0.090
9.307 11.467 -7.825 -952.810 1.066 0.020 8.939 0.104
9.526 10.951 -25.768 -897.163 1.185 0.020 9.033 0.301
9.730 10.204 -37.387 -580.914 1.290 0.020 9.100 0.494
9.917 9.374 -41.497 -205.543 1.380 0.020 9.144 0.676
10.089 8.571 -40.141 67.810 1.455 0.020 9.170 0.846
10.246 7.850 -36.055 204.333 1.517 0.020 9.183 1.002
10.390 7.226 -31.205 242.472 1.568 0.020 9.187 1.147
10.524 6.693 -26.614 229.556 1.609 0.020 9.185 1.281
10.649 6.240 -22.669 197.263 1.644 0.020 9.178 1.405
10.766 5.851 -19.434 161.734 1.671 0.020 9.168 1.522
10.876 5.515 -16.842 129.596 1.693 0.020 9.155 1.631
10.980 5.219 -14.787 102.773 1.711 0.020 9.142 1.735
11.080 4.956 -13.163 81.203 1.725 0.020 9.127 1.833
11.174 4.718 -11.880 64.145 1.736 0.020 9.112 1.926
11.264 4.501 -10.865 50.735 1.743 0.020 9.097 2.015
11.350 4.299 -10.061 40.191 1.748 0.020 9.082 2.099
11.432 4.111 -9.424 31.876 1.751 0.020 9.067 2.180
11.511 3.933 -8.918 25.290 1.751 0.020 9.053 2.258
11.586 3.762 -8.517 20.053 1.750 0.020 9.040 2.332
11.658 3.598 -8.199 15.877 1.746 0.020 9.027 2.403
11.727 3.439 -7.948 12.552 1.741 0.020 9.015 2.470
11.792 3.284 -7.750 9.922 1.734 0.020 9.004 2.535
11.855 3.133 -7.592 7.876 1.725 0.020 8.995 2.597
11.915 2.983 -7.466 6.338 1.715 0.020 8.986 2.656
11.971 2.836 -7.360 5.257 1.703 0.020 8.978 2.712
12.025 2.691 -7.268 4.602 1.690 0.020 8.971 2.766
12.076 2.547 -7.181 4.358 1.675 0.020 8.965 2.816
12.124 2.405 -7.091 4.519 1.659 0.020 8.961 2.864
12.170 2.265 -6.989 5.083 1.641 0.020 8.957 2.909
12.212 2.128 -6.868 6.049 1.622 0.020 8.955 2.952
12.252 1.994 -6.720 7.408 1.602 0.020 8.953 2.992
12.289 1.863 -6.537 9.139 1.580 0.020 8.952 3.029
12.324 1.737 -6.313 11.201 1.558 0.020 8.952 3.064
12.356 1.616 -6.043 13.527 1.534 0.020 8.953 3.096
12.386 1.501 -5.722 16.024 1.509 0.020 8.954 3.126
12.414 1.394 -5.351 18.567 1.484 0.020 8.956 3.154
12.440 1.296 -4.931 21.009 1.458 0.020 8.959 3.179
12.464 1.206 -4.467 23.186 1.432 0.020 8.962 3.203
12.487 1.127 -3.968 24.933 1.405 0.020 8.965 3.226
12.508 1.058 -3.446 26.097 1.379 0.020 8.969 3.246
12.528 1.000 -2.915 26.564 1.353 0.020 8.973 3.266
12.547 0.952 -2.390 26.263 1.327 0.020 8.978 3.285
12.565 0.914 -1.886 25.185 1.302 0.020 8.982 3.302
12.583 0.886 -1.419 23.378 1.277 0.020 8.987 3.319
12.600 0.866 -1.000 20.943 1.254 0.020 8.992 3.336
12.617 0.853 -0.639 18.021 1.232 0.020 8.998 3.352
12.634 0.846 -0.344 14.774 1.211 0.020 9.004 3.368
12.651 0.844 -0.116 11.368 1.191 0.020 9.010 3.384
12.668 0.845 0.043 7.956 1.173 0.020 9.016 3.399
12.685 0.847 0.136 4.667 1.156 0.020 9.023 3.415
12.702 0.851 0.168 1.603 1.141 0.020 9.030 3.430
12.719 0.854 0.145 -1.169 1.127 0.020 9.037 3.446
12.736 0.855 0.073 -3.607 1.114 0.020 9.045 3.461
12.753 0.854 -0.041 -5.697 1.103 0.020 9.052 3.476
12.770 0.851 -0.190 -7.439 1.094 0.020 9.060 3.492
12.787 0.843 -0.367 -8.850 1.085 0.020 9.068 3.507
12.804 0.832 -0.566 -9.950 1.078 0.020 9.076 3.521
12.820 0.816 -0.781 -10.766 1.071 0.020 9.083 3.536
12.836 0.796 -1.008 -11.324 1.066 0.020 9.091 3.550
12.852 0.771 -1.241 -11.651 1.062 0.020 9.099 3.563
12.866 0.742 -1.476 -11.769 1.058 0.020 9.106 3.576
12.881 0.708 -1.710 -11.699 1.055 0.020 9.113 3.588
12.894 0.669 -1.940 -11.460 1.053 0.020 9.119 3.600
12.906 0.626 -2.161 -11.067 1.051 0.020 9.126 3.611
12.918 0.578 -2.372 -10.535 1.050 0.020 9.131 3.621
12.929 0.527 -2.569 -9.878 1.049 0.020 9.137 3.630
12.938 0.472 -2.751 -9.108 1.048 0.020 9.141 3.638
12.946 0.413 -2.916 -8.236 1.048 0.020 9.145 3.645
12.953 0.352 -3.062 -7.276 1.047 0.020 9.149 3.651
12.959 0.288 -3.186 -6.238 1.047 0.020 9.152 3.656
12.964 0.223 -3.289 -5.135 1.047 0.020 9.154 3.660
12.967 0.160 -3.154 6.740 1.047 0.020 9.156 3.663
12.969 0.105 -2.704 22.512 1.047 0.020 9.157 3.665
12.970 0.062 -2.155 27.432 1.047 0.020 9.157 3.666
12.971 0.031 -1.590 28.261 1.047 0.020 9.158 3.666
12.971 0.010 -1.016 28.720 1.047 0.020 9.158 3.667
12.971 0.001 -0.437 28.920 1.047 0.020 9.158 3.667
12.971 0.000 -0.074 18.175 1.047 0.020 9.158 3.667
