WallToHopperPathOld
176
0.000 0.012 0.583 29.128 0.000 0.020 0.000 1.000
0.001 0.023 0.583 -0.000 0.000 0.020 0.001 1.000
0.002 0.052 1.456 43.692 0.000 0.020 0.002 1.000
0.003 0.093 2.039 29.128 0.000 0.020 0.003 1.000
0.006 0.146 2.622 29.128 0.000 0.020 0.006 1.000
0.011 0.210 3.204 29.128 0.000 0.020 0.011 1.000
0.016 0.280 3.495 14.564 0.000 0.020 0.016 1.000
0.023 0.350 3.495 0.000 0.000 0.020 0.023 1.000
0.032 0.419 3.495 -0.000 0.000 0.020 0.032 1.000
0.041 0.489 3.495 -0.000 0.000 0.020 0.041 1.000
0.053 0.559 3.495 0.000 0.000 0.020 0.053 1.000
0.065 0.629 3.495 0.000 0.000 0.020 0.065 1.000
0.079 0.699 3.495 0.000 0.000 0.020 0.079 1.000
0.094 0.769 3.495 -0.000 0.000 0.020 0.094 1.000
0.111 0.839 3.495 -0.000 0.000 0.020 0.111 1.000
0.129 0.909 3.495 -0.000 0.000 0.020 0.129 1.000
0.149 0.979 3.495 -0.000 0.000 0.020 0.149 1.000
0.170 1.049 3.495 0.000 0.000 0.020 0.170 1.000
0.192 1.119 3.495 0.000 0.000 0.020 0.192 1.000
0.216 1.188 3.495 -0.000 0.000 0.020 0.216 1.000
0.241 1.258 3.495 0.000 0.000 0.020 0.241 1.000
0.268 1.328 3.495 -0.000 0.000 0.020 0.268 1.000
0.296 1.398 3.495 -0.000 0.000 0.020 0.296 1.000
0.325 1.468 3.495 0.000 0.000 0.020 0.325 1.000
0.356 1.538 3.495 -0.000 0.000 0.020 0.356 1.000
0.388 1.608 3.495 0.000 0.000 0.020 0.388 1.000
0.422 1.678 3.495 -0.000 0.000 0.020 0.422 1.000
0.457 1.748 3.495 0.000 0.000 0.020 0.457 1.000
0.493 1.818 3.495 -0.000 0.000 0.020 0.493 1.000
0.531 1.887 3.495 0.000 0.000 0.020 0.531 1.000
0.570 1.957 3.495 -0.000 0.000 0.020 0.570 1.000
0.610 2.027 3.495 -0.000 0.000 0.020 0.610 1.000
0.652 2.097 3.495 0.000 0.000 0.020 0.652 1.000
0.696 2.167 3.495 -0.000 0.000 0.020 0.696 1.000
0.740 2.237 3.495 0.000 0.000 0.020 0.740 1.000
0.787 2.307 3.495 -0.000 0.000 0.020 0.787 1.000
0.834 2.377 3.495 0.000 0.000 0.020 0.834 1.000
0.883 2.447 3.495 -0.000 0.000 0.020 0.883 1.000
0.933 2.517 3.495 0.000 0.000 0.020 0.933 1.000
0.985 2.587 3.495 -0.000 0.000 0.020 0.985 1.000
1.038 2.633 2.311 -59.236 0.000 0.020 1.038 1.000
1.090 2.613 -1.007 -165.894 0.003 0.020 1.090 1.000
1.142 2.585 -1.374 -18.338 0.007 0.020 1.142 1.000
1.193 2.553 -1.598 -11.216 0.013 0.020 1.193 1.001
1.243 2.516 -1.866 -13.389 0.022 0.020 1.243 1.002
1.293 2.472 -2.180 -15.708 0.032 0.020 1.293 1.003
1.341 2.421 -2.543 -18.128 0.045 0.020 1.341 1.005
1.388 2.362 -2.954 -20.565 0.061 0.020 1.388 1.007
1.434 2.294 -3.412 -22.885 0.080 0.020 1.434 1.011
1.478 2.216 -3.909 -24.877 0.101 0.020 1.478 1.015
1.521 2.127 -4.434 -26.227 0.125 0.020 1.520 1.019
1.562 2.028 -4.964 -26.490 0.153 0.020 1.560 1.025
1.600 1.919 -5.465 -25.061 0.185 0.020 1.598 1.031
1.636 1.801 -5.889 -21.180 0.220 0.020 1.634 1.039
1.669 1.678 -6.168 -13.973 0.259 0.020 1.666 1.047
1.701 1.553 -6.220 -2.591 0.302 0.020 1.696 1.055
1.729 1.434 -5.949 13.550 0.349 0.020 1.723 1.064
1.756 1.329 -5.261 34.397 0.400 0.020 1.748 1.074
1.781 1.247 -4.084 58.850 0.453 0.020 1.771 1.084
1.805 1.199 -2.394 84.498 0.509 0.020 1.792 1.095
1.829 1.195 -0.239 107.747 0.566 0.020 1.812 1.108
1.853 1.240 2.252 124.542 0.623 0.020 1.833 1.122
1.880 1.337 4.883 131.556 0.681 0.020 1.854 1.138
1.910 1.486 7.430 127.371 0.736 0.020 1.877 1.157
1.943 1.680 9.691 113.033 0.789 0.020 1.901 1.180
1.982 1.910 11.524 91.642 0.839 0.020 1.927 1.208
2.025 2.168 12.869 67.235 0.885 0.020 1.955 1.241
2.074 2.442 13.740 43.561 0.927 0.020 1.986 1.280
2.128 2.726 14.205 23.273 0.965 0.020 2.017 1.324
2.189 3.014 14.360 7.710 0.998 0.020 2.051 1.374
2.255 3.300 14.302 -2.881 1.028 0.020 2.086 1.430
2.326 3.582 14.123 -8.941 1.052 0.020 2.122 1.492
2.404 3.860 13.899 -11.220 1.073 0.020 2.160 1.559
2.486 4.134 13.689 -10.508 1.090 0.020 2.198 1.632
2.574 4.405 13.539 -7.483 1.102 0.020 2.239 1.711
2.668 4.674 13.486 -2.653 1.111 0.020 2.280 1.794
2.767 4.946 13.559 3.651 1.115 0.020 2.324 1.883
2.871 5.221 13.784 11.252 1.116 0.020 2.370 1.977
2.981 5.505 14.186 20.087 1.112 0.020 2.419 2.076
3.097 5.801 14.789 30.155 1.104 0.020 2.470 2.179
3.219 6.113 15.617 41.440 1.090 0.020 2.526 2.288
3.348 6.447 16.693 53.790 1.072 0.020 2.587 2.402
3.484 6.800 17.665 48.607 1.048 0.020 2.653 2.521
3.628 7.169 18.440 38.726 1.017 0.020 2.727 2.644
3.779 7.554 19.251 40.573 0.979 0.020 2.808 2.771
3.938 7.953 19.933 34.055 0.935 0.020 2.900 2.901
4.105 8.357 20.204 13.596 0.882 0.020 3.003 3.033
4.280 8.748 19.540 -33.239 0.822 0.020 3.118 3.164
4.462 9.099 17.559 -99.053 0.754 0.020 3.246 3.293
4.650 9.378 13.972 -179.317 0.680 0.020 3.388 3.417
4.841 9.549 8.527 -272.252 0.603 0.020 3.541 3.531
5.032 9.581 1.587 -346.994 0.524 0.020 3.703 3.633
5.221 9.461 -5.960 -377.351 0.446 0.020 3.870 3.722
5.405 9.204 -12.854 -344.723 0.372 0.020 4.039 3.795
5.582 8.847 -17.857 -250.145 0.303 0.020 4.206 3.853
5.751 8.432 -20.777 -145.994 0.242 0.020 4.368 3.899
5.911 7.989 -22.108 -66.570 0.188 0.020 4.524 3.933
6.062 7.544 -22.247 -6.912 0.142 0.020 4.673 3.957
6.204 7.112 -21.644 30.115 0.102 0.020 4.814 3.975
6.338 6.698 -20.688 47.799 0.070 0.020 4.948 3.986
6.464 6.305 -19.660 51.422 0.044 0.020 5.074 3.993
6.583 5.930 -18.744 45.791 0.025 0.020 5.192 3.997
6.694 5.569 -18.057 34.333 0.011 0.020 5.304 3.999
6.798 5.215 -17.676 19.053 0.003 0.020 5.408 4.000
6.896 4.862 -17.638 1.911 0.000 0.020 5.505 4.000
6.989 4.665 -9.889 387.470 0.000 0.020 5.599 4.000
7.081 4.595 -3.495 319.665 0.000 0.020 5.690 4.000
7.171 4.525 -3.495 0.000 0.000 0.020 5.781 4.000
7.260 4.455 -3.495 -0.000 0.000 0.020 5.870 4.000
7.348 4.385 -3.495 -0.000 0.000 0.020 5.958 4.000
7.434 4.315 -3.495 0.000 0.000 0.020 6.044 4.000
7.519 4.245 -3.495 0.000 0.000 0.020 6.129 4.000
7.603 4.175 -3.495 -0.000 0.000 0.020 6.212 4.000
7.685 4.105 -3.495 -0.000 0.000 0.020 6.295 4.000
7.766 4.035 -3.495 0.000 0.000 0.020 6.375 4.000
7.845 3.965 -3.495 0.000 0.000 0.020 6.455 4.000
7.923 3.896 -3.495 -0.000 0.000 0.020 6.532 4.000
7.999 3.826 -3.495 -0.000 0.000 0.020 6.609 4.000
8.074 3.756 -3.495 0.000 0.000 0.020 6.684 4.000
8.148 3.686 -3.495 0.000 0.000 0.020 6.758 4.000
8.220 3.616 -3.495 -0.000 0.000 0.020 6.830 4.000
8.291 3.546 -3.495 0.000 0.000 0.020 6.901 4.000
8.361 3.476 -3.495 0.000 0.000 0.020 6.971 4.000
8.429 3.406 -3.495 0.000 0.000 0.020 7.039 4.000
8.496 3.336 -3.495 0.000 0.000 0.020 7.105 4.000
8.561 3.266 -3.495 0.000 0.000 0.020 7.171 4.000
8.625 3.197 -3.495 -0.000 0.000 0.020 7.235 4.000
8.688 3.127 -3.495 0.000 0.000 0.020 7.297 4.000
8.749 3.057 -3.495 -0.000 0.000 0.020 7.358 4.000
8.808 2.987 -3.495 0.000 0.000 0.020 7.418 4.000
8.867 2.917 -3.495 0.000 0.000 0.020 7.476 4.000
8.924 2.847 -3.495 -0.000 0.000 0.020 7.533 4.000
8.979 2.777 -3.495 0.000 0.000 0.020 7.589 4.000
9.033 2.707 -3.495 -0.000 0.000 0.020 7.643 4.000
9.086 2.637 -3.495 0.000 0.000 0.020 7.696 4.000
9.137 2.567 -3.495 -0.000 0.000 0.020 7.747 4.000
9.187 2.497 -3.495 0.000 0.000 0.020 7.797 4.000
9.236 2.428 -3.495 0.000 0.000 0.020 7.846 4.000
9.283 2.358 -3.495 -0.000 0.000 0.020 7.893 4.000
9.329 2.288 -3.495 0.000 0.000 0.020 7.939 4.000
9.373 2.218 -3.495 -0.000 0.000 0.020 7.983 4.000
9.416 2.148 -3.495 0.000 0.000 0.020 8.026 4.000
9.458 2.078 -3.495 -0.000 0.000 0.020 8.067 4.000
9.498 2.008 -3.495 0.000 0.000 0.020 8.108 4.000
9.537 1.938 -3.495 0.000 0.000 0.020 8.146 4.000
9.574 1.868 -3.495 0.000 0.000 0.020 8.184 4.000
9.610 1.798 -3.495 -0.000 0.000 0.020 8.220 4.000
9.645 1.728 -3.495 0.000 0.000 0.020 8.254 4.000
9.678 1.659 -3.495 -0.000 0.000 0.020 8.287 4.000
9.709 1.589 -3.495 0.000 0.000 0.020 8.319 4.000
9.740 1.519 -3.495 -0.000 0.000 0.020 8.350 4.000
9.769 1.449 -3.495 0.000 0.000 0.020 8.379 4.000
9.796 1.379 -3.495 0.000 0.000 0.020 8.406 4.000
9.823 1.309 -3.495 -0.000 0.000 0.020 8.432 4.000
9.847 1.239 -3.495 0.000 0.000 0.020 8.457 4.000
9.871 1.169 -3.495 -0.000 0.000 0.020 8.480 4.000
9.893 1.099 -3.495 0.000 0.000 0.020 8.502 4.000
9.913 1.029 -3.495 -0.000 0.000 0.020 8.523 4.000
9.933 0.959 -3.495 0.000 0.000 0.020 8.542 4.000
9.950 0.890 -3.495 0.000 0.000 0.020 8.560 4.000
9.967 0.820 -3.495 -0.000 0.000 0.020 8.576 4.000
9.982 0.750 -3.495 0.000 0.000 0.020 8.591 4.000
9.995 0.680 -3.495 0.000 0.000 0.020 8.605 4.000
10.007 0.610 -3.495 0.000 0.000 0.020 8.617 4.000
10.018 0.540 -3.495 0.000 0.000 0.020 8.628 4.000
10.028 0.470 -3.495 -0.000 0.000 0.020 8.637 4.000
10.036 0.400 -3.495 0.000 0.000 0.020 8.645 4.000
10.042 0.330 -3.495 -0.000 0.000 0.020 8.652 4.000
10.048 0.260 -3.495 0.000 0.000 0.020 8.657 4.000
10.051 0.192 -3.415 4.007 0.000 0.020 8.661 4.000
10.054 0.131 -3.044 18.571 0.000 0.020 8.664 4.000
10.056 0.082 -2.461 29.128 0.000 0.020 8.665 4.000
10.057 0.044 -1.879 29.128 0.000 0.020 8.666 4.000
10.057 0.018 -1.296 29.128 0.000 0.020 8.667 4.000
10.057 0.004 -0.714 29.128 0.000 0.020 8.667 4.000
10.057 0.000 -0.211 25.121 0.000 0.020 8.667 4.000
0.000 0.012 0.583 29.128 0.000 0.020 0.000 -1.000
0.001 0.023 0.583 -0.000 0.000 0.020 0.001 -1.000
0.002 0.052 1.456 43.692 0.000 0.020 0.002 -1.000
0.003 0.093 2.039 29.128 0.000 0.020 0.003 -1.000
0.006 0.146 2.622 29.128 0.000 0.020 0.006 -1.000
0.011 0.210 3.204 29.128 0.000 0.020 0.011 -1.000
0.016 0.280 3.495 14.564 0.000 0.020 0.016 -1.000
0.023 0.350 3.495 0.000 0.000 0.020 0.023 -1.000
0.032 0.419 3.495 -0.000 0.000 0.020 0.032 -1.000
0.041 0.489 3.495 -0.000 0.000 0.020 0.041 -1.000
0.053 0.559 3.495 0.000 0.000 0.020 0.053 -1.000
0.065 0.629 3.495 0.000 0.000 0.020 0.065 -1.000
0.079 0.699 3.495 0.000 0.000 0.020 0.079 -1.000
0.094 0.769 3.495 -0.000 0.000 0.020 0.094 -1.000
0.111 0.839 3.495 -0.000 0.000 0.020 0.111 -1.000
0.129 0.909 3.495 -0.000 0.000 0.020 0.129 -1.000
0.149 0.979 3.495 -0.000 0.000 0.020 0.149 -1.000
0.170 1.049 3.495 0.000 0.000 0.020 0.170 -1.000
0.192 1.119 3.495 0.000 0.000 0.020 0.192 -1.000
0.216 1.188 3.495 -0.000 0.000 0.020 0.216 -1.000
0.241 1.258 3.495 0.000 0.000 0.020 0.241 -1.000
0.268 1.328 3.495 -0.000 0.000 0.020 0.268 -1.000
0.296 1.398 3.495 -0.000 0.000 0.020 0.296 -1.000
0.325 1.468 3.495 0.000 0.000 0.020 0.325 -1.000
0.356 1.538 3.495 -0.000 0.000 0.020 0.356 -1.000
0.388 1.608 3.495 0.000 0.000 0.020 0.388 -1.000
0.422 1.678 3.495 -0.000 0.000 0.020 0.422 -1.000
0.457 1.748 3.495 0.000 0.000 0.020 0.457 -1.000
0.493 1.818 3.495 -0.000 0.000 0.020 0.493 -1.000
0.531 1.887 3.495 0.000 0.000 0.020 0.531 -1.000
0.570 1.957 3.495 -0.000 0.000 0.020 0.570 -1.000
0.610 2.027 3.495 -0.000 0.000 0.020 0.610 -1.000
0.652 2.097 3.495 0.000 0.000 0.020 0.652 -1.000
0.696 2.167 3.495 -0.000 0.000 0.020 0.696 -1.000
0.740 2.237 3.495 0.000 0.000 0.020 0.740 -1.000
0.787 2.307 3.495 -0.000 0.000 0.020 0.787 -1.000
0.834 2.377 3.495 0.000 0.000 0.020 0.834 -1.000
0.883 2.447 3.495 -0.000 0.000 0.020 0.883 -1.000
0.933 2.517 3.495 0.000 0.000 0.020 0.933 -1.000
0.985 2.587 3.495 -0.000 0.000 0.020 0.985 -1.000
1.039 2.680 4.680 59.236 0.000 0.020 1.039 -1.000
1.096 2.840 7.998 165.892 0.003 0.020 1.096 -1.000
1.156 3.007 8.365 18.333 0.007 0.020 1.156 -1.000
1.219 3.179 8.589 11.210 0.013 0.020 1.219 -0.999
1.286 3.356 8.856 13.382 0.022 0.020 1.286 -0.998
1.357 3.540 9.170 15.700 0.032 0.020 1.357 -0.996
1.432 3.730 9.533 18.118 0.045 0.020 1.432 -0.993
1.510 3.929 9.944 20.552 0.061 0.020 1.510 -0.989
1.593 4.137 10.401 22.869 0.080 0.020 1.593 -0.983
1.680 4.355 10.898 24.858 0.101 0.020 1.679 -0.975
1.772 4.584 11.422 26.205 0.125 0.020 1.771 -0.965
1.868 4.823 11.952 26.463 0.153 0.020 1.866 -0.952
1.970 5.072 12.452 25.030 0.185 0.020 1.966 -0.934
2.076 5.329 12.875 21.146 0.220 0.020 2.070 -0.913
2.188 5.592 13.154 13.938 0.259 0.020 2.179 -0.886
2.305 5.856 13.205 2.558 0.302 0.020 2.292 -0.854
2.428 6.115 12.934 -13.576 0.349 0.020 2.408 -0.815
2.555 6.360 12.245 -34.407 0.400 0.020 2.526 -0.768
2.686 6.581 11.069 -58.839 0.453 0.020 2.646 -0.714
2.822 6.769 9.380 -84.459 0.509 0.020 2.766 -0.651
2.960 6.914 7.226 -107.680 0.566 0.020 2.885 -0.581
3.100 7.008 4.737 -124.451 0.623 0.020 3.001 -0.502
3.241 7.050 2.108 -131.451 0.681 0.020 3.113 -0.417
3.382 7.042 -0.437 -127.268 0.736 0.020 3.220 -0.325
3.522 6.988 -2.696 -112.945 0.789 0.020 3.321 -0.228
3.660 6.897 -4.528 -91.578 0.839 0.020 3.415 -0.128
3.795 6.780 -5.872 -67.198 0.885 0.020 3.504 -0.025
3.928 6.645 -6.743 -43.550 0.927 0.020 3.586 0.080
4.058 6.501 -7.209 -23.281 0.965 0.020 3.662 0.185
4.185 6.353 -7.363 -7.731 0.998 0.020 3.732 0.291
4.310 6.207 -7.306 2.852 1.028 0.020 3.798 0.396
4.431 6.065 -7.128 8.908 1.052 0.020 3.859 0.501
4.549 5.927 -6.904 11.186 1.073 0.020 3.917 0.604
4.665 5.793 -6.695 10.475 1.090 0.020 3.971 0.707
4.778 5.662 -6.546 7.451 1.102 0.020 4.023 0.807
4.889 5.532 -6.493 2.622 1.111 0.020 4.073 0.906
4.997 5.401 -6.567 -3.683 1.115 0.020 4.120 1.003
5.102 5.265 -6.793 -11.286 1.116 0.020 4.166 1.098
5.205 5.121 -7.195 -20.125 1.112 0.020 4.212 1.190
5.304 4.965 -7.799 -30.201 1.104 0.020 4.256 1.279
5.400 4.792 -8.629 -41.497 1.090 0.020 4.300 1.364
5.492 4.598 -9.706 -53.865 1.072 0.020 4.343 1.445
5.579 4.373 -11.263 -77.832 1.048 0.020 4.386 1.521
5.662 4.109 -13.205 -97.105 1.017 0.020 4.428 1.592
5.738 3.805 -15.185 -98.978 0.979 0.020 4.469 1.656
5.807 3.464 -17.034 -92.482 0.935 0.020 4.509 1.713
5.869 3.095 -18.475 -72.027 0.882 0.020 4.547 1.761
5.923 2.712 -19.138 -33.171 0.822 0.020 4.582 1.802
5.970 2.343 -18.484 32.735 0.754 0.020 4.615 1.836
6.010 2.021 -16.060 121.164 0.680 0.020 4.646 1.862
6.046 1.786 -11.774 214.294 0.603 0.020 4.674 1.884
6.079 1.666 -5.990 289.204 0.524 0.020 4.703 1.901
6.113 1.674 0.402 319.626 0.446 0.020 4.732 1.917
6.149 1.800 6.301 294.930 0.372 0.020 4.765 1.931
6.189 2.018 10.886 229.287 0.303 0.020 4.803 1.945
6.235 2.294 13.808 146.057 0.242 0.020 4.848 1.957
6.287 2.597 15.138 66.501 0.188 0.020 4.898 1.968
6.345 2.902 15.273 6.771 0.142 0.020 4.956 1.977
6.409 3.196 14.667 -30.278 0.102 0.020 5.019 1.985
6.478 3.470 13.708 -47.955 0.070 0.020 5.088 1.991
6.553 3.723 12.677 -51.557 0.044 0.020 5.163 1.995
6.632 3.958 11.759 -45.902 0.025 0.020 5.242 1.998
6.716 4.180 11.071 -34.424 0.011 0.020 5.325 1.999
6.804 4.394 10.688 -19.129 0.003 0.020 5.413 2.000
6.896 4.607 10.649 -1.979 0.000 0.020 5.505 2.000
6.989 4.665 2.898 -387.524 0.000 0.020 5.599 2.000
7.081 4.595 -3.495 -319.672 0.000 0.020 5.690 2.000
7.171 4.525 -3.495 0.000 0.000 0.020 5.781 2.000
7.260 4.455 -3.495 -0.000 0.000 0.020 5.870 2.000
7.348 4.385 -3.495 -0.000 0.000 0.020 5.958 2.000
7.434 4.315 -3.495 0.000 0.000 0.020 6.044 2.000
7.519 4.245 -3.495 0.000 0.000 0.020 6.129 2.000
7.603 4.175 -3.495 -0.000 0.000 0.020 6.212 2.000
7.685 4.105 -3.495 -0.000 0.000 0.020 6.295 2.000
7.766 4.035 -3.495 0.000 0.000 0.020 6.375 2.000
7.845 3.965 -3.495 0.000 0.000 0.020 6.455 2.000
7.923 3.896 -3.495 -0.000 0.000 0.020 6.532 2.000
7.999 3.826 -3.495 -0.000 0.000 0.020 6.609 2.000
8.075 3.756 -3.495 0.000 0.000 0.020 6.684 2.000
8.148 3.686 -3.495 0.000 0.000 0.020 6.758 2.000
8.221 3.616 -3.495 -0.000 0.000 0.020 6.830 2.000
8.292 3.546 -3.495 0.000 0.000 0.020 6.901 2.000
8.361 3.476 -3.495 0.000 0.000 0.020 6.971 2.000
8.429 3.406 -3.495 0.000 0.000 0.020 7.039 2.000
8.496 3.336 -3.495 0.000 0.000 0.020 7.105 2.000
8.561 3.266 -3.495 0.000 0.000 0.020 7.171 2.000
8.625 3.197 -3.495 -0.000 0.000 0.020 7.235 2.000
8.688 3.127 -3.495 0.000 0.000 0.020 7.297 2.000
8.749 3.057 -3.495 -0.000 0.000 0.020 7.358 2.000
8.809 2.987 -3.495 0.000 0.000 0.020 7.418 2.000
8.867 2.917 -3.495 0.000 0.000 0.020 7.476 2.000
8.924 2.847 -3.495 -0.000 0.000 0.020 7.533 2.000
8.979 2.777 -3.495 0.000 0.000 0.020 7.589 2.000
9.033 2.707 -3.495 -0.000 0.000 0.020 7.643 2.000
9.086 2.637 -3.495 0.000 0.000 0.020 7.696 2.000
9.138 2.567 -3.495 -0.000 0.000 0.020 7.747 2.000
9.188 2.497 -3.495 0.000 0.000 0.020 7.797 2.000
9.236 2.428 -3.495 0.000 0.000 0.020 7.846 2.000
9.283 2.358 -3.495 -0.000 0.000 0.020 7.893 2.000
9.329 2.288 -3.495 0.000 0.000 0.020 7.939 2.000
9.373 2.218 -3.495 -0.000 0.000 0.020 7.983 2.000
9.416 2.148 -3.495 0.000 0.000 0.020 8.026 2.000
9.458 2.078 -3.495 -0.000 0.000 0.020 8.067 2.000
9.498 2.008 -3.495 0.000 0.000 0.020 8.108 2.000
9.537 1.938 -3.495 0.000 0.000 0.020 8.146 2.000
9.574 1.868 -3.495 0.000 0.000 0.020 8.184 2.000
9.610 1.798 -3.495 -0.000 0.000 0.020 8.220 2.000
9.645 1.728 -3.495 0.000 0.000 0.020 8.254 2.000
9.678 1.659 -3.495 -0.000 0.000 0.020 8.287 2.000
9.710 1.589 -3.495 0.000 0.000 0.020 8.319 2.000
9.740 1.519 -3.495 -0.000 0.000 0.020 8.350 2.000
9.769 1.449 -3.495 0.000 0.000 0.020 8.379 2.000
9.797 1.379 -3.495 0.000 0.000 0.020 8.406 2.000
9.823 1.309 -3.495 -0.000 0.000 0.020 8.432 2.000
9.848 1.239 -3.495 0.000 0.000 0.020 8.457 2.000
9.871 1.169 -3.495 -0.000 0.000 0.020 8.480 2.000
9.893 1.099 -3.495 0.000 0.000 0.020 8.502 2.000
9.913 1.029 -3.495 -0.000 0.000 0.020 8.523 2.000
9.933 0.959 -3.495 0.000 0.000 0.020 8.542 2.000
9.950 0.890 -3.495 0.000 0.000 0.020 8.560 2.000
9.967 0.820 -3.495 -0.000 0.000 0.020 8.576 2.000
9.982 0.750 -3.495 0.000 0.000 0.020 8.591 2.000
9.995 0.680 -3.495 0.000 0.000 0.020 8.605 2.000
10.008 0.610 -3.495 0.000 0.000 0.020 8.617 2.000
10.018 0.540 -3.495 0.000 0.000 0.020 8.628 2.000
10.028 0.470 -3.495 -0.000 0.000 0.020 8.637 2.000
10.036 0.400 -3.495 0.000 0.000 0.020 8.645 2.000
10.042 0.330 -3.495 -0.000 0.000 0.020 8.652 2.000
10.048 0.260 -3.495 0.000 0.000 0.020 8.657 2.000
10.052 0.192 -3.415 4.007 0.000 0.020 8.661 2.000
10.054 0.131 -3.044 18.571 0.000 0.020 8.664 2.000
10.056 0.082 -2.461 29.128 0.000 0.020 8.665 2.000
10.057 0.044 -1.879 29.128 0.000 0.020 8.666 2.000
10.057 0.018 -1.296 29.128 0.000 0.020 8.667 2.000
10.057 0.004 -0.714 29.128 0.000 0.020 8.667 2.000
10.057 0.000 -0.211 25.121 0.000 0.020 8.667 2.000
