WallToShoot10Path
152
0.000 0.012 0.579 28.945 0.000 0.020 0.000 1.000
0.001 0.023 0.579 -0.003 0.000 0.020 0.001 1.000
0.002 0.052 1.447 43.402 0.000 0.020 0.002 1.000
0.003 0.093 2.025 28.894 0.000 0.020 0.003 1.000
0.006 0.145 2.601 28.829 0.000 0.020 0.006 1.000
0.011 0.208 3.176 28.721 0.000 0.020 0.011 1.000
0.016 0.277 3.458 14.127 0.000 0.020 0.016 1.000
0.023 0.346 3.449 -0.445 0.000 0.020 0.023 1.000
0.031 0.415 3.438 -0.549 0.000 0.020 0.031 1.000
0.041 0.484 3.425 -0.648 0.000 0.020 0.041 1.000
0.052 0.552 3.411 -0.741 0.000 0.020 0.052 1.000
0.064 0.620 3.394 -0.827 0.000 0.020 0.064 1.000
0.078 0.687 3.376 -0.905 0.000 0.020 0.078 1.000
0.093 0.754 3.357 -0.975 0.001 0.020 0.093 1.000
0.110 0.821 3.336 -1.035 0.001 0.020 0.110 1.000
0.127 0.887 3.314 -1.084 0.001 0.020 0.127 1.000
0.146 0.953 3.292 -1.122 0.002 0.020 0.146 1.000
0.167 1.019 3.269 -1.148 0.002 0.020 0.167 1.000
0.188 1.083 3.246 -1.160 0.003 0.020 0.188 1.000
0.211 1.148 3.222 -1.159 0.003 0.020 0.211 1.000
0.236 1.212 3.200 -1.143 0.004 0.020 0.236 1.000
0.261 1.275 3.177 -1.112 0.005 0.020 0.261 1.000
0.288 1.339 3.156 -1.066 0.006 0.020 0.288 1.001
0.316 1.401 3.136 -1.003 0.007 0.020 0.316 1.001
0.345 1.464 3.117 -0.925 0.008 0.020 0.345 1.001
0.376 1.526 3.101 -0.830 0.010 0.020 0.376 1.001
0.408 1.587 3.086 -0.718 0.011 0.020 0.408 1.002
0.441 1.649 3.075 -0.590 0.013 0.020 0.440 1.002
0.475 1.710 3.066 -0.446 0.015 0.020 0.475 1.003
0.510 1.771 3.060 -0.286 0.017 0.020 0.510 1.003
0.547 1.833 3.058 -0.111 0.020 0.020 0.547 1.004
0.585 1.894 3.059 0.078 0.022 0.020 0.585 1.005
0.624 1.955 3.065 0.282 0.025 0.020 0.624 1.005
0.664 2.016 3.075 0.498 0.027 0.020 0.664 1.006
0.706 2.078 3.089 0.725 0.030 0.020 0.706 1.008
0.748 2.140 3.109 0.963 0.033 0.020 0.748 1.009
0.793 2.203 3.133 1.210 0.036 0.020 0.792 1.011
0.838 2.266 3.162 1.464 0.040 0.020 0.838 1.012
0.884 2.330 3.197 1.724 0.043 0.020 0.884 1.014
0.932 2.395 3.236 1.988 0.047 0.020 0.932 1.016
0.982 2.461 3.281 2.255 0.050 0.020 0.981 1.019
1.032 2.527 3.332 2.523 0.054 0.020 1.032 1.021
1.084 2.595 3.388 2.791 0.057 0.020 1.084 1.024
1.137 2.664 3.449 3.057 0.061 0.020 1.137 1.027
1.192 2.734 3.515 3.321 0.065 0.020 1.191 1.031
1.248 2.806 3.587 3.582 0.068 0.020 1.247 1.035
1.306 2.879 3.664 3.839 0.072 0.020 1.305 1.039
1.365 2.954 3.746 4.091 0.075 0.020 1.364 1.043
1.425 3.031 3.832 4.340 0.079 0.020 1.424 1.048
1.488 3.109 3.924 4.585 0.082 0.020 1.486 1.053
1.551 3.190 4.021 4.828 0.085 0.020 1.550 1.058
1.617 3.272 4.122 5.070 0.087 0.020 1.615 1.064
1.684 3.357 4.228 5.313 0.090 0.020 1.682 1.070
1.753 3.444 4.340 5.559 0.092 0.020 1.750 1.076
1.823 3.533 4.456 5.811 0.093 0.020 1.821 1.082
1.896 3.624 4.577 6.070 0.094 0.020 1.893 1.089
1.970 3.718 4.704 6.342 0.095 0.020 1.967 1.096
2.047 3.815 4.837 6.628 0.095 0.020 2.043 1.103
2.125 3.915 4.975 6.933 0.095 0.020 2.121 1.111
2.205 4.017 5.120 7.259 0.094 0.020 2.201 1.118
2.288 4.122 5.273 7.608 0.092 0.020 2.283 1.126
2.372 4.231 5.432 7.984 0.089 0.020 2.367 1.134
2.459 4.343 5.600 8.386 0.086 0.020 2.454 1.141
2.548 4.459 5.776 8.815 0.081 0.020 2.543 1.149
2.640 4.578 5.962 9.266 0.076 0.020 2.634 1.156
2.734 4.701 6.156 9.735 0.069 0.020 2.728 1.163
2.831 4.828 6.361 10.212 0.062 0.020 2.824 1.169
2.930 4.960 6.574 10.680 0.053 0.020 2.923 1.175
3.032 5.096 6.796 11.118 0.042 0.020 3.025 1.179
3.136 5.236 7.026 11.494 0.031 0.020 3.129 1.183
3.244 5.375 6.930 -4.825 0.018 0.020 3.237 1.186
3.354 5.504 6.482 -22.389 0.003 0.020 3.347 1.187
3.466 5.624 5.995 -24.339 6.270 0.020 3.459 1.187
3.581 5.733 5.461 -26.702 6.252 0.020 3.574 1.184
3.698 5.831 4.871 -29.504 6.233 0.020 3.691 1.179
3.816 5.910 3.969 -45.109 6.212 0.020 3.809 1.172
3.935 5.970 2.981 -49.392 6.189 0.020 3.928 1.162
4.056 6.013 2.155 -41.286 6.165 0.020 4.047 1.149
4.176 6.038 1.248 -45.380 6.140 0.020 4.167 1.134
4.297 6.043 0.259 -49.450 6.114 0.020 4.286 1.115
4.418 6.027 -0.807 -53.275 6.087 0.020 4.405 1.093
4.538 5.993 -1.675 -43.422 6.059 0.020 4.522 1.068
4.657 5.949 -2.208 -26.623 6.031 0.020 4.638 1.040
4.774 5.896 -2.646 -21.898 6.002 0.020 4.751 1.009
4.891 5.835 -3.091 -22.268 5.973 0.020 4.863 0.975
5.006 5.764 -3.533 -22.088 5.945 0.020 4.972 0.938
5.120 5.685 -3.960 -21.363 5.916 0.020 5.079 0.899
5.232 5.598 -4.363 -20.133 5.888 0.020 5.183 0.857
5.342 5.503 -4.732 -18.473 5.860 0.020 5.284 0.814
5.450 5.402 -5.062 -16.480 5.833 0.020 5.382 0.768
5.556 5.295 -5.347 -14.261 5.807 0.020 5.477 0.721
5.660 5.183 -5.585 -11.928 5.782 0.020 5.568 0.672
5.761 5.067 -5.777 -9.583 5.757 0.020 5.656 0.622
5.860 4.949 -5.923 -7.315 5.734 0.020 5.741 0.571
5.957 4.828 -6.027 -5.191 5.711 0.020 5.823 0.520
6.051 4.707 -6.092 -3.260 5.690 0.020 5.902 0.468
6.142 4.584 -6.123 -1.553 5.669 0.020 5.977 0.416
6.232 4.462 -6.125 -0.081 5.650 0.020 6.050 0.364
6.318 4.340 -6.102 1.156 5.632 0.020 6.119 0.312
6.403 4.218 -6.059 2.169 5.614 0.020 6.186 0.260
6.485 4.098 -5.999 2.977 5.598 0.020 6.250 0.209
6.564 3.980 -5.927 3.601 5.583 0.020 6.311 0.158
6.642 3.863 -5.846 4.066 5.568 0.020 6.370 0.108
6.717 3.748 -5.758 4.393 5.555 0.020 6.426 0.058
6.789 3.634 -5.666 4.607 5.543 0.020 6.480 0.010
6.860 3.523 -5.571 4.728 5.531 0.020 6.532 -0.038
6.928 3.414 -5.476 4.774 5.520 0.020 6.581 -0.085
6.994 3.306 -5.380 4.761 5.510 0.020 6.629 -0.131
7.058 3.200 -5.286 4.703 5.500 0.020 6.674 -0.176
7.120 3.096 -5.194 4.612 5.492 0.020 6.718 -0.220
7.180 2.994 -5.104 4.496 5.484 0.020 6.760 -0.263
7.238 2.894 -5.017 4.364 5.476 0.020 6.800 -0.304
7.294 2.795 -4.933 4.221 5.469 0.020 6.839 -0.345
7.348 2.698 -4.851 4.073 5.463 0.020 6.876 -0.384
7.400 2.603 -4.773 3.923 5.457 0.020 6.911 -0.422
7.450 2.509 -4.697 3.774 5.452 0.020 6.945 -0.459
7.498 2.416 -4.625 3.628 5.447 0.020 6.977 -0.495
7.545 2.325 -4.555 3.486 5.443 0.020 7.008 -0.530
7.590 2.235 -4.488 3.349 5.439 0.020 7.038 -0.563
7.632 2.147 -4.424 3.218 5.435 0.020 7.067 -0.595
7.674 2.060 -4.362 3.093 5.432 0.020 7.094 -0.626
7.713 1.974 -4.302 2.973 5.429 0.020 7.120 -0.656
7.751 1.889 -4.245 2.859 5.426 0.020 7.145 -0.684
7.787 1.805 -4.190 2.750 5.424 0.020 7.168 -0.712
7.821 1.722 -4.137 2.645 5.422 0.020 7.191 -0.738
7.854 1.641 -4.086 2.544 5.420 0.020 7.212 -0.763
7.885 1.560 -4.037 2.447 5.418 0.020 7.232 -0.786
7.915 1.480 -3.990 2.351 5.417 0.020 7.252 -0.809
7.943 1.401 -3.945 2.258 5.416 0.020 7.270 -0.830
7.970 1.323 -3.902 2.165 5.415 0.020 7.287 -0.850
7.994 1.246 -3.860 2.073 5.414 0.020 7.303 -0.869
8.018 1.169 -3.821 1.980 5.413 0.020 7.318 -0.887
8.040 1.094 -3.783 1.886 5.413 0.020 7.332 -0.904
8.060 1.019 -3.747 1.791 5.412 0.020 7.345 -0.920
8.079 0.945 -3.713 1.694 5.412 0.020 7.357 -0.934
8.096 0.871 -3.681 1.595 5.411 0.020 7.369 -0.947
8.112 0.798 -3.652 1.492 5.411 0.020 7.379 -0.960
8.127 0.725 -3.624 1.387 5.411 0.020 7.388 -0.971
8.140 0.653 -3.598 1.278 5.411 0.020 7.397 -0.981
8.152 0.582 -3.575 1.167 5.411 0.020 7.404 -0.990
8.162 0.511 -3.554 1.052 5.411 0.020 7.411 -0.998
8.171 0.440 -3.535 0.933 5.411 0.020 7.416 -1.004
8.178 0.370 -3.519 0.812 5.411 0.020 7.421 -1.010
8.184 0.300 -3.505 0.688 5.410 0.020 7.425 -1.015
8.189 0.230 -3.494 0.562 5.410 0.020 7.428 -1.018
8.192 0.164 -3.283 10.540 5.410 0.020 7.430 -1.021
8.194 0.108 -2.786 24.874 5.410 0.020 7.431 -1.022
8.195 0.064 -2.203 29.115 5.410 0.020 7.432 -1.023
8.196 0.032 -1.623 29.025 5.410 0.020 7.433 -1.024
8.196 0.011 -1.043 28.975 5.410 0.020 7.433 -1.024
8.196 0.002 -0.464 28.952 5.410 0.020 7.433 -1.024
8.196 0.000 -0.087 18.847 5.410 0.020 7.433 -1.024
0.000 0.012 0.579 28.945 0.000 0.020 0.000 -1.000
0.001 0.023 0.579 0.003 0.000 0.020 0.001 -1.000
0.002 0.052 1.448 43.434 0.000 0.020 0.002 -1.000
0.003 0.093 2.028 28.996 0.000 0.020 0.003 -1.000
0.006 0.145 2.609 29.062 0.000 0.020 0.006 -1.000
0.011 0.209 3.192 29.169 0.000 0.020 0.011 -1.000
0.016 0.278 3.489 14.818 0.000 0.020 0.016 -1.000
0.023 0.348 3.497 0.445 0.000 0.020 0.023 -1.000
0.031 0.419 3.508 0.549 0.000 0.020 0.031 -1.000
0.041 0.489 3.521 0.648 0.000 0.020 0.041 -1.000
0.052 0.560 3.536 0.741 0.000 0.020 0.052 -1.000
0.065 0.631 3.553 0.827 0.000 0.020 0.065 -1.000
0.079 0.702 3.571 0.905 0.000 0.020 0.079 -1.000
0.095 0.774 3.590 0.975 0.001 0.020 0.095 -1.000
0.111 0.846 3.611 1.035 0.001 0.020 0.111 -1.000
0.130 0.919 3.633 1.084 0.001 0.020 0.130 -1.000
0.150 0.992 3.655 1.122 0.002 0.020 0.150 -1.000
0.171 1.066 3.678 1.148 0.002 0.020 0.171 -1.000
0.194 1.140 3.701 1.160 0.003 0.020 0.194 -1.000
0.218 1.214 3.725 1.159 0.003 0.020 0.218 -1.000
0.244 1.289 3.747 1.143 0.004 0.020 0.244 -1.000
0.271 1.364 3.770 1.112 0.005 0.020 0.271 -1.000
0.300 1.440 3.791 1.066 0.006 0.020 0.300 -0.999
0.330 1.516 3.811 1.003 0.007 0.020 0.330 -0.999
0.362 1.593 3.829 0.925 0.008 0.020 0.362 -0.999
0.396 1.670 3.846 0.830 0.010 0.020 0.396 -0.999
0.430 1.747 3.860 0.718 0.011 0.020 0.430 -0.998
0.467 1.825 3.872 0.590 0.013 0.020 0.467 -0.998
0.505 1.902 3.881 0.446 0.015 0.020 0.505 -0.997
0.545 1.980 3.887 0.286 0.017 0.020 0.545 -0.997
0.586 2.058 3.889 0.111 0.020 0.020 0.586 -0.996
0.628 2.136 3.888 -0.079 0.022 0.020 0.628 -0.995
0.673 2.213 3.882 -0.282 0.025 0.020 0.673 -0.994
0.719 2.291 3.872 -0.498 0.027 0.020 0.719 -0.993
0.766 2.368 3.857 -0.725 0.030 0.020 0.766 -0.991
0.815 2.444 3.838 -0.963 0.033 0.020 0.815 -0.990
0.865 2.521 3.814 -1.210 0.036 0.020 0.865 -0.988
0.917 2.596 3.785 -1.464 0.040 0.020 0.917 -0.986
0.971 2.671 3.750 -1.724 0.043 0.020 0.970 -0.984
1.026 2.746 3.710 -1.988 0.047 0.020 1.025 -0.981
1.082 2.819 3.665 -2.255 0.050 0.020 1.082 -0.979
1.140 2.891 3.615 -2.523 0.054 0.020 1.139 -0.976
1.199 2.962 3.559 -2.791 0.057 0.020 1.198 -0.972
1.260 3.032 3.498 -3.057 0.061 0.020 1.259 -0.969
1.322 3.101 3.432 -3.321 0.065 0.020 1.321 -0.965
1.385 3.168 3.360 -3.582 0.068 0.020 1.384 -0.961
1.450 3.234 3.283 -3.839 0.072 0.020 1.449 -0.956
1.516 3.298 3.201 -4.091 0.075 0.020 1.514 -0.951
1.583 3.360 3.115 -4.340 0.079 0.020 1.581 -0.946
1.651 3.421 3.023 -4.585 0.082 0.020 1.650 -0.941
1.721 3.479 2.926 -4.828 0.085 0.020 1.719 -0.935
1.792 3.536 2.825 -5.070 0.087 0.020 1.789 -0.929
1.863 3.590 2.719 -5.313 0.090 0.020 1.861 -0.922
1.936 3.642 2.607 -5.559 0.092 0.020 1.933 -0.916
2.010 3.692 2.491 -5.811 0.093 0.020 2.007 -0.909
2.085 3.739 2.370 -6.071 0.094 0.020 2.081 -0.902
2.161 3.784 2.243 -6.342 0.095 0.020 2.157 -0.895
2.237 3.827 2.110 -6.629 0.095 0.020 2.233 -0.888
2.314 3.866 1.972 -6.934 0.095 0.020 2.310 -0.880
2.392 3.902 1.826 -7.260 0.094 0.020 2.388 -0.873
2.471 3.936 1.674 -7.609 0.092 0.020 2.466 -0.866
2.550 3.966 1.515 -7.985 0.089 0.020 2.545 -0.858
2.630 3.993 1.347 -8.388 0.086 0.020 2.625 -0.851
2.711 4.017 1.171 -8.817 0.081 0.020 2.705 -0.845
2.791 4.036 0.985 -9.269 0.076 0.020 2.785 -0.838
2.872 4.052 0.790 -9.738 0.069 0.020 2.866 -0.833
2.954 4.064 0.586 -10.215 0.062 0.020 2.947 -0.827
3.035 4.071 0.372 -10.684 0.053 0.020 3.028 -0.823
3.117 4.074 0.150 -11.123 0.042 0.020 3.110 -0.819
3.198 4.073 -0.080 -11.501 0.031 0.020 3.191 -0.816
3.279 4.061 -0.563 -24.127 0.018 0.020 3.272 -0.814
3.360 4.036 -1.273 -35.508 0.003 0.020 3.353 -0.813
3.440 3.997 -1.944 -33.558 6.270 0.020 3.433 -0.813
3.519 3.946 -2.568 -31.194 6.252 0.020 3.512 -0.815
3.597 3.883 -3.136 -28.392 6.233 0.020 3.590 -0.818
3.673 3.807 -3.795 -32.981 6.212 0.020 3.666 -0.823
3.747 3.720 -4.369 -28.696 6.189 0.020 3.740 -0.829
3.820 3.626 -4.701 -16.602 6.165 0.020 3.812 -0.837
3.890 3.527 -4.951 -12.506 6.140 0.020 3.882 -0.846
3.959 3.424 -5.120 -8.433 6.114 0.020 3.949 -0.856
4.025 3.320 -5.212 -4.605 6.087 0.020 4.015 -0.868
4.089 3.218 -5.097 5.740 6.059 0.020 4.078 -0.882
4.152 3.123 -4.740 17.886 6.031 0.020 4.138 -0.897
4.213 3.037 -4.301 21.908 6.002 0.020 4.197 -0.913
4.272 2.960 -3.856 22.278 5.973 0.020 4.254 -0.930
4.330 2.892 -3.414 22.098 5.945 0.020 4.308 -0.948
4.386 2.832 -2.987 21.371 5.916 0.020 4.362 -0.968
4.442 2.780 -2.584 20.141 5.888 0.020 4.413 -0.989
4.497 2.736 -2.214 18.480 5.860 0.020 4.463 -1.010
4.551 2.698 -1.884 16.485 5.833 0.020 4.512 -1.033
4.604 2.667 -1.599 14.265 5.807 0.020 4.560 -1.057
4.657 2.639 -1.361 11.930 5.782 0.020 4.607 -1.082
4.709 2.616 -1.169 9.584 5.757 0.020 4.652 -1.107
4.761 2.595 -1.023 7.314 5.734 0.020 4.697 -1.134
4.812 2.577 -0.919 5.189 5.711 0.020 4.740 -1.161
4.864 2.560 -0.854 3.258 5.690 0.020 4.783 -1.190
4.915 2.544 -0.823 1.550 5.669 0.020 4.825 -1.219
4.965 2.527 -0.821 0.078 5.650 0.020 4.866 -1.248
5.015 2.510 -0.844 -1.159 5.632 0.020 4.906 -1.278
5.065 2.493 -0.888 -2.172 5.614 0.020 4.946 -1.309
5.115 2.474 -0.947 -2.980 5.598 0.020 4.984 -1.340
5.164 2.453 -1.019 -3.604 5.583 0.020 5.022 -1.371
5.212 2.431 -1.101 -4.068 5.568 0.020 5.059 -1.403
5.260 2.407 -1.189 -4.396 5.555 0.020 5.095 -1.434
5.308 2.382 -1.281 -4.610 5.543 0.020 5.130 -1.466
5.355 2.354 -1.375 -4.730 5.531 0.020 5.165 -1.498
5.402 2.325 -1.471 -4.776 5.520 0.020 5.199 -1.530
5.448 2.294 -1.566 -4.763 5.510 0.020 5.232 -1.562
5.493 2.260 -1.660 -4.705 5.500 0.020 5.264 -1.594
5.537 2.225 -1.753 -4.613 5.492 0.020 5.295 -1.625
5.581 2.188 -1.842 -4.497 5.484 0.020 5.326 -1.657
5.624 2.150 -1.930 -4.365 5.476 0.020 5.356 -1.688
5.666 2.110 -2.014 -4.222 5.469 0.020 5.385 -1.718
5.708 2.068 -2.096 -4.074 5.463 0.020 5.413 -1.748
5.748 2.024 -2.174 -3.924 5.457 0.020 5.441 -1.778
5.788 1.979 -2.250 -3.774 5.452 0.020 5.467 -1.807
5.826 1.933 -2.322 -3.628 5.447 0.020 5.493 -1.836
5.864 1.885 -2.392 -3.486 5.443 0.020 5.519 -1.864
5.901 1.836 -2.459 -3.349 5.439 0.020 5.543 -1.891
5.936 1.785 -2.523 -3.218 5.435 0.020 5.567 -1.918
5.971 1.734 -2.585 -3.093 5.432 0.020 5.590 -1.944
6.005 1.681 -2.645 -2.973 5.429 0.020 5.612 -1.969
6.037 1.627 -2.702 -2.859 5.426 0.020 5.633 -1.994
6.069 1.571 -2.757 -2.750 5.424 0.020 5.654 -2.018
6.099 1.515 -2.810 -2.645 5.422 0.020 5.673 -2.041
6.128 1.458 -2.861 -2.544 5.420 0.020 5.692 -2.063
6.156 1.400 -2.910 -2.447 5.418 0.020 5.711 -2.084
6.183 1.341 -2.957 -2.351 5.417 0.020 5.728 -2.105
6.209 1.281 -3.002 -2.258 5.416 0.020 5.744 -2.124
6.233 1.220 -3.045 -2.165 5.415 0.020 5.760 -2.143
6.256 1.158 -3.086 -2.073 5.414 0.020 5.775 -2.160
6.278 1.096 -3.126 -1.980 5.413 0.020 5.789 -2.177
6.299 1.032 -3.164 -1.887 5.413 0.020 5.803 -2.193
6.318 0.968 -3.200 -1.791 5.412 0.020 5.815 -2.208
6.336 0.904 -3.234 -1.694 5.412 0.020 5.827 -2.221
6.353 0.838 -3.265 -1.595 5.411 0.020 5.838 -2.234
6.368 0.772 -3.295 -1.492 5.411 0.020 5.847 -2.246
6.382 0.706 -3.323 -1.387 5.411 0.020 5.857 -2.257
6.395 0.639 -3.349 -1.278 5.411 0.020 5.865 -2.267
6.407 0.572 -3.372 -1.167 5.411 0.020 5.872 -2.276
6.417 0.504 -3.393 -1.052 5.411 0.020 5.879 -2.283
6.425 0.435 -3.412 -0.933 5.411 0.020 5.884 -2.290
6.433 0.367 -3.428 -0.812 5.411 0.020 5.889 -2.296
6.439 0.298 -3.442 -0.688 5.410 0.020 5.893 -2.300
6.443 0.229 -3.453 -0.562 5.410 0.020 5.896 -2.304
6.447 0.164 -3.260 9.657 5.410 0.020 5.898 -2.306
6.449 0.108 -2.774 24.269 5.410 0.020 5.899 -2.308
6.450 0.064 -2.199 28.775 5.410 0.020 5.900 -2.309
6.451 0.032 -1.621 28.866 5.410 0.020 5.900 -2.309
6.451 0.011 -1.043 28.916 5.410 0.020 5.901 -2.309
6.451 0.002 -0.464 28.938 5.410 0.020 5.901 -2.309
6.451 0.000 -0.087 18.846 5.410 0.020 5.901 -2.309
